0.014023 112
6.038369 1
0.160661 1
0.345679 1
0.390217 1
2.098824 11
0.000411 64
0.000026 304
0.000141 435
0.000104 307
0.000049 99
0.000156 700
0.000014 320
0.000061 61
0.000005 184
0.000017 240
0.000047 595
0.000063 250
0.000033 91
0.000021 93
0.000097 406
0.000031 112
5.894268 1
0.172021 1
0.801554 1
0.171029 1
0.810395 1
2.075204 11
0.003706 15
0.000083 186
0.000009 458
0.000043 156
0.000986 8
0.000023 104
4.445255 1
0.217012 1
0.169143 1
2.985999 1
1.475398 1
0.112582 1
0.456344 1
1.837087 11
0.000141 8
0.000029 110
3.612538 1
2.732342 1
0.323067 1
0.170472 11
0.000046 6
0.000028 8
0.000122 110
4.217714 1
0.775527 1
0.193742 1
0.174330 1
0.339981 1
0.914147 1
1.919699 1
2.311975 1
0.854369 1
0.088053 1
0.199576 1
0.393915 1
0.208776 1
0.310230 1
3.264876 11
0.002225 8
0.000028 110
4.844923 1
0.227357 1
0.709346 1
0.115873 1
0.173825 1
0.149818 1
1.786900 1
0.344437 1
0.912255 4
1.258502 1
2.003791 1
0.658305 1
0.199221 1
0.456512 1
0.182863 1
0.173478 1
3.605097 11
0.002462 118
1.645390 1
0.127479 1
1.441262 1
1.472057 1
2.081057 1
0.279895 1
0.290518 1
2.707423 1
1.323717 1
0.194398 1
0.826518 4
0.132460 1
0.120441 1
0.389893 1
1.874486 1
0.752496 1
0.687266 1
4.234130 1
0.195453 1
2.844083 4
0.137313 4
0.259499 1
1.129010 4
0.140946 4
3.732468 1
1.848656 1
0.585130 1
0.223479 1
0.926086 4
1.493666 1
0.141652 1
0.229640 1
0.168600 1
2.163222 1
1.225709 1
0.316242 1
0.298171 1
0.543977 11
0.002152 118
3.235691 1
0.083856 1
1.562223 4
0.728359 1
0.159403 1
4.588423 1
0.084056 1
1.154815 1
0.152230 1
0.316210 1
0.223091 1
1.844591 1
0.962809 1
0.238803 1
0.302248 1
1.150545 1
4.293109 1
0.135713 1
0.440840 1
2.203643 1
0.155606 1
0.219152 1
0.170110 1
2.644953 1
0.242869 1
0.277864 1
0.245384 1
3.957896 11
0.001778 118
2.212338 1
0.165472 1
0.657353 1
0.987117 1
0.087982 1
0.154821 1
3.188702 1
0.128654 1
0.207152 1
0.175554 1
1.735515 1
0.169951 1
0.256755 1
0.223714 1
1.436273 11
0.001725 118
3.296643 1
0.141824 1
0.206544 1
3.083663 1
0.145242 1
0.285284 1
0.571371 1
2.264876 11
0.000019 219
0.000090 118
19.788484 1
1.193008 1
0.177680 1
0.209071 1
0.986218 11
0.000075 6
