0.013426 112
1.347720 4
0.858735 36
0.640267 39
0.501716 36
0.217084 53
0.491339 48
0.441514 53
0.762885 48
0.339966 53
1.226062 11
0.003302 62
0.000011 13
0.000546 63
0.000008 61
0.000864 105
0.000130 429
0.000623 302
0.000008 206
0.000005 17
0.000009 47
0.000064 245
0.000006 89
0.000040 49
0.786514 6
0.000132 16
0.036510 18
0.000009 4
0.035575 23
0.042728 18
0.000008 5
0.056520 18
0.000023 5
0.383104 18
0.000012 5
0.010022 6
0.000017 25
0.018909 22
0.013841 6
0.000019 12
0.000035 4
0.013718 18
0.000008 4
0.142384 18
0.000008 4
0.017307 6
0.000101 16
0.020319 23
0.018905 18
0.000008 5
0.014209 18
0.000040 5
0.014178 18
0.000008 5
0.015457 6
0.000011 12
0.000070 32
0.000077 7
0.019060 18
0.030749 18
0.015201 18
0.030490 18
0.046089 6
0.000138 12
0.107280 18
0.774008 18
0.000012 5
0.032482 6
0.000010 17
0.054597 18
0.000009 5
0.030008 18
0.000014 4
0.157202 23
0.013971 18
0.000061 5
0.014074 6
0.000076 17
0.013934 6
0.000042 17
0.031124 6
0.000056 12
0.015106 6
0.000060 12
0.015098 6
0.000023 12
0.031700 6
0.000027 12
0.014812 6
0.000009 12
0.046465 18
0.062074 23
0.017835 23
0.014033 23
0.014478 22
0.014327 22
0.027501 18
0.000008 4
0.018337 134
0.015000 18
0.015994 18
0.015392 18
0.015544 18
0.015830 18
0.030581 18
0.015281 6
0.000013 12
0.021776 22
0.028620 6
0.000050 16
0.014163 23
0.014168 23
0.028722 6
0.000080 17
0.015418 23
0.015558 57
0.031944 18
0.029593 18
0.030360 6
0.000093 12
0.174841 6
0.000048 17
0.028316 18
0.000029 5
0.070059 23
0.071624 6
0.000041 17
0.014200 23
0.014273 23
0.014148 18
0.014085 6
0.000014 12
0.028253 6
0.000007 12
0.045412 18
0.030073 18
0.093172 18
1.801064 451
1.614176 48
0.000585 66
0.000082 411
0.000006 6
1.696353 6
0.000246 57
0.000028 8
0.000728 112
4.151404 1
0.119850 1
0.150304 1
0.631307 4
0.440077 1
1.330386 11
0.018927 80
0.000211 108
0.000459 1975
0.000306 1974
0.000027 1723
0.002815 115
0.000007 156
0.000596 1978
0.000025 1971
0.000203 1786
1.601661 47
1.923550 27
0.612983 21
0.000035 272
1.503886 47
1.111961 146
2.555569 27
0.501665 64
0.709585 29
3.149576 1
1.235649 1
0.679367 1
0.000253 34
0.000022 69
0.001630 112
3.921074 3
0.161300 19
0.630641 23
0.411504 36
0.287998 39
0.413333 36
0.621190 11
0.039817 112
3.027478 1
0.164062 1
0.227473 1
0.324553 1
2.440365 1
0.221129 1
0.826087 1
0.987204 4
0.324108 1
1.196062 1
0.161785 1
0.645075 1
0.559120 4
0.597941 1
0.651305 1
0.236325 1
0.439497 1
0.818885 11
0.118098 51
0.011013 112
17.216601 13
0.570493 1
0.173048 1
0.149321 1
0.500095 1
0.029386 1
0.030683 1
0.030334 1
0.030091 1
0.029935 1
0.029755 1
0.029990 1
0.029940 1
0.030032 1
0.030008 1
0.030470 1
2.043564 27
0.864232 31
0.968254 27
0.174270 27
3.214753 3
0.171973 3
0.149436 3
0.146971 3
0.130540 3
0.159947 3
0.132700 3
0.129429 3
0.111212 3
0.139005 3
0.142892 3
0.143231 3
0.175482 3
0.400285 4
0.174963 4
0.175147 4
0.325946 4
0.850803 11
0.000881 75
0.000396 8
0.000035 104
23.843636 11
1.448034 1
0.578803 4
0.572978 1
1.362546 1
0.234864 1
0.469096 1
0.589774 11
0.003146 413
0.000464 10
0.000250 112
67.591773 1
0.204563 1
0.768758 1
0.165803 1
0.595638 11
0.000043 6
