0.015763 112
2.575719 4
0.441204 79
3.661415 246
0.225293 158
0.352004 50
0.495101 120
0.441871 32
0.652643 46
0.510053 28
0.405355 14
0.360429 19
0.449702 22
0.194708 10
0.149651 25
0.443091 42
0.314851 35
0.382058 64
45.654886 120
0.627962 32
0.405016 46
0.614594 28
11.198213 4
0.517488 4
0.165189 4
0.126216 4
0.277646 4
0.142159 4
0.142578 4
0.128763 4
0.104694 4
0.142381 4
0.082598 1
1.064205 86
7.975244 192
0.485477 4
0.499935 4
0.029362 4
0.031156 4
0.030552 4
0.029883 4
0.029933 4
0.029638 4
0.029466 4
0.029522 4
0.031324 4
0.029461 4
0.029707 4
0.030112 4
0.030096 4
0.029367 4
0.030545 4
0.029825 4
0.030863 4
0.029952 4
0.029858 4
0.029791 4
0.029690 4
0.030734 4
0.029916 4
0.029673 4
0.029506 4
0.031369 4
0.028971 4
0.029902 4
0.029982 4
0.030141 4
0.029961 4
0.030672 4
0.029644 4
0.029195 4
0.031506 4
0.029061 4
0.030351 4
0.030283 4
0.029505 4
0.029414 4
0.030860 4
0.030122 4
0.029701 4
0.030083 4
0.029829 4
0.030021 4
0.029874 4
0.029687 4
0.031219 4
0.029226 4
0.029789 4
0.029745 4
0.030779 4
0.029987 4
0.029894 4
0.029553 4
0.029473 4
0.031605 4
0.029020 4
0.030061 4
0.029642 4
0.030032 4
0.029964 4
0.030400 4
0.030571 4
0.028813 4
0.030976 4
0.029873 4
0.030443 4
0.029143 4
2.169013 4
0.189125 4
0.210180 4
0.148196 4
0.150132 1
7.718808 73
2.236670 353
50.755359 79
10.872305 183
0.380310 1
0.202485 1
0.166106 1
0.156935 1
0.157862 1
0.149917 1
0.157234 1
0.150323 1
0.187536 1
0.254667 1
6.301654 1
0.073411 1
0.150235 1
0.148899 1
0.150663 1
0.135013 1
0.157151 1
0.158064 1
0.164195 1
19.428261 1
0.065756 1
0.142437 1
0.389237 1
1.260692 3
7.246503 6
0.000104 319
0.000029 1
0.000117 312
2.166970 320
0.073412 7
0.000080 292
0.172356 5
0.368002 5
0.254639 5
0.308260 5
0.232107 5
0.209864 5
0.345346 5
0.224795 5
0.261711 5
0.217980 6
0.315304 5
0.884959 5
0.066109 5
6.039720 18
3.368384 11
0.125755 1
0.165537 1
0.149199 1
0.157271 1
0.165513 1
1.102456 5
1.418586 1
0.163595 1
0.142493 1
0.142056 1
0.500750 1
0.029914 1
0.030166 1
0.030709 1
0.029342 1
0.029787 1
0.029904 1
0.030138 1
0.030040 1
0.029861 1
0.167639 1
0.442667 1
2.953708 18
2.559387 13
0.553144 5
0.953956 1
0.239347 1
0.172176 1
0.194884 1
0.285570 1
1.928934 5
1.070330 1
0.179932 1
0.157770 1
0.158259 1
0.165012 1
0.165202 1
0.163555 1
0.158739 1
0.157688 1
0.172037 1
0.165508 1
1.373604 3
1.716411 259
9.953339 24
0.000048 67
0.000042 2
0.000090 112
31.050556 85
20.347067 11
0.000080 69
0.000074 112
7.418367 85
1.243782 513
6.150580 4
0.500344 4
0.029794 4
0.030039 4
0.029544 4
0.031386 4
0.029063 4
0.031149 4
0.029318 4
0.030458 4
0.030134 4
0.029066 4
0.030135 4
0.031331 4
0.029001 4
0.029792 4
0.030017 4
0.030308 4
0.029651 4
0.029746 4
0.029762 4
0.030834 4
0.029703 4
0.029952 4
0.030164 4
0.030183 4
0.029859 4
0.029957 4
0.030225 4
0.030229 4
0.029125 4
0.029950 4
0.030031 4
0.030878 4
0.028876 4
0.030628 4
0.029970 4
0.030157 4
0.029421 4
0.029810 4
0.030835 4
0.030036 4
0.030049 4
0.029883 4
0.029937 4
0.029895 4
0.029550 4
0.030141 4
0.030512 4
0.029496 4
0.030183 4
0.030546 4
0.028460 4
0.032467 4
0.027976 4
0.030121 4
0.030531 4
0.030266 4
0.029792 4
0.030045 4
0.029835 4
0.029636 4
0.029980 4
0.029695 4
0.030475 1
0.029831 1
0.029618 1
0.030734 1
0.029450 1
0.030512 1
0.029721 1
0.030766 1
0.029818 1
0.030430 1
0.029344 1
0.029263 1
0.031532 1
0.029093 1
0.029720 1
5.560335 157
11.841803 146
0.000040 9
0.000024 112
0.000053 112
77.369571 130
63.646395 1
0.111520 1
0.149366 1
0.150190 1
0.142584 1
0.142942 1
0.143988 1
0.172110 1
15.931662 3
1.220651 1
2.198075 3
0.314402 1
5.608931 3
3.858795 16
0.000079 25
0.000040 1
0.000084 15
4.274498 19
0.342166 1
0.164917 1
0.143167 1
0.149780 1
0.389354 1
0.262182 1
0.533427 1
0.682171 33
0.367194 33
0.783280 3
0.327189 31
0.284161 31
0.270799 29
0.427847 32
4.973045 27
0.081426 27
13.119193 2
0.000043 9
0.000048 119
0.000087 112
6.539658 138
1.994797 1
0.111033 1
0.141970 1
0.143353 1
0.134991 1
0.157385 1
0.141880 1
3.099539 15
1.402176 11
0.000061 120
0.000089 112
24.173915 1
75.217619 140
1.506894 1
0.156035 1
0.149869 1
0.495512 3
1.410644 9
1.063687 3
0.621986 7
0.234362 7
0.366778 7
0.194962 7
0.178940 7
0.308667 7
0.202249 7
0.171264 7
0.150210 7
0.165404 7
0.194896 7
0.391181 7
0.164627 7
0.163696 7
1.314978 1
0.283263 1
0.187390 1
0.187982 1
0.203131 1
0.613477 17
0.500431 17
0.030420 17
0.030561 17
0.029229 17
0.029889 17
0.029749 17
0.030009 17
0.029631 17
0.031248 17
0.032117 17
0.026670 17
0.029886 17
0.030661 17
0.030082 17
0.030430 17
0.029407 15
0.030088 17
0.029893 17
0.031601 17
0.030964 17
0.027394 15
0.030190 17
0.030805 17
0.029324 17
0.030303 17
0.030316 17
0.028798 17
0.030045 17
0.029883 17
0.032981 17
0.027608 24
0.029819 21
0.029573 18
0.030061 15
0.030910 12
0.030088 718
0.030127 359
0.029056 356
0.029747 353
0.030109 349
0.029984 354
0.030526 356
0.030484 15
0.029613 17
0.030147 17
0.030564 17
0.028845 17
0.029890 15
0.030127 17
0.031068 17
0.028887 17
0.030580 17
0.029523 17
0.029737 17
0.029753 17
0.030890 17
0.029460 17
0.030605 17
0.030290 17
0.029682 17
0.029625 17
0.029805 17
0.029951 17
0.029494 15
0.030604 17
0.030383 17
0.030215 17
0.029466 17
0.030176 15
0.030443 17
0.029603 17
0.030401 17
0.030251 17
0.028905 17
0.030750 17
0.029741 17
0.030438 17
0.029093 17
0.030344 17
0.029999 17
0.030518 17
0.029214 17
0.030429 17
0.030373 17
0.029520 17
0.030057 17
0.029926 15
0.030671 17
0.028923 17
0.030410 17
0.030116 17
0.030420 15
0.028587 17
0.030634 17
0.029918 17
0.030760 17
0.029659 17
0.029715 17
0.030552 17
0.030218 17
0.028388 17
0.030450 17
0.031143 17
0.028977 17
0.029449 17
0.030324 17
0.062877 17
0.969069 15
1.520789 129
23.351305 1
86.892214 4
24.256171 86
24.879480 200
0.004981 77
0.000041 8
0.000013 104
5.463826 1
91.468705 4
37.357876 1
0.253915 1
0.127192 1
1.268251 1
0.178656 1
1.958098 1
0.141666 1
0.390349 1
5.641201 1
0.210089 1
0.590958 4
0.165950 4
0.292065 1
0.150330 1
1.778325 1
0.921566 3
0.134645 3
1.493984 3
1.282388 3
2.715815 1
1.198030 1
0.119448 1
1.027698 1
1.628739 1
0.269328 1
1.012262 1
8.542915 1
1.454287 1
0.149659 1
3.030786 1
0.569049 1
0.240314 1
0.135409 1
1.372758 1
0.509623 1
0.720228 4
0.156978 4
0.360392 4
1.261443 1
1.243934 1
2.017406 1
3.464496 1
0.157076 1
14.492292 1
2.189828 37
4.995815 57
0.034578 1
0.150490 1
0.217265 1
0.158600 1
0.141186 1
1.704215 5
0.119370 5
1.019961 5
0.629017 1
0.894728 5
0.372821 5
0.150850 5
1.200983 5
0.103333 5
0.428501 5
1.372669 3
1.071519 15
1.079969 11
0.173336 11
1.740743 1
0.313569 1
0.285349 1
0.465585 3
0.179192 3
0.135215 3
0.135074 3
0.126749 3
0.127330 3
0.120318 3
0.263099 3
1.635828 1
2.814943 55
4.340040 320
0.410600 1
1.036056 3
0.607595 7
0.172098 7
1.064629 3
0.404529 4
1.171650 1
0.495773 1
0.246019 1
0.907928 1
0.149871 1
0.150051 1
0.134385 1
0.179618 1
0.360596 1
0.809997 3
1.058651 14
0.141314 13
5.146032 3
0.118877 3
0.157321 3
0.150813 3
0.179850 3
0.757158 11
0.000713 5
0.008804 210
0.000340 2
0.001557 3
0.001908 435
0.000236 112
26.200861 89
0.799918 558
0.653553 148
0.524938 74
0.397251 148
0.539593 130
0.689768 182
0.203002 74
0.757269 148
0.165388 130
0.921867 182
0.195658 74
0.502152 148
0.300422 130
0.660100 19
0.269499 26
0.180591 82
0.239737 262
0.179057 22
0.143658 15
0.142092 182
0.141688 74
0.742773 219
0.203597 231
0.225034 89
7.860386 1
0.091202 1
0.125143 1
0.644458 1
0.180384 1
0.164678 1
0.134966 1
0.308014 1
0.135057 1
0.149482 1
0.500320 357
0.030215 1
0.030756 1
0.028964 1
0.029795 1
0.030394 1
0.029788 1
0.029496 1
0.030670 1
0.030497 1
0.030336 1
0.413925 1
0.164760 1
0.500317 1
0.030647 1
0.029695 1
0.030197 1
0.030186 1
0.028992 1
0.030794 1
0.029673 1
0.030194 1
0.030058 1
0.029631 1
0.029871 1
0.029534 1
0.030831 1
0.030199 1
0.029869 1
0.030914 1
0.029763 1
0.028641 1
0.031555 1
0.028632 1
0.030159 1
0.029911 1
0.029579 1
0.030855 1
0.030136 1
0.029510 1
0.029972 1
0.030032 1
0.030223 1
0.029826 1
0.029843 1
0.029699 1
0.030754 1
0.030077 1
0.029910 1
0.031335 1
0.027260 1
0.031588 1
0.029743 1
0.029954 1
0.029860 1
0.029642 1
0.029445 1
0.030374 1
0.030518 1
0.029776 1
0.030407 1
0.029761 1
0.030305 1
0.030224 1
0.030002 1
0.030196 1
0.029053 1
0.030275 1
0.029852 1
0.032274 1
0.027816 1
0.029596 1
0.031313 1
0.029359 1
0.029651 1
0.029916 1
0.029741 1
0.030424 1
0.030157 1
0.029676 1
0.030157 1
0.030097 1
0.046933 3
0.500550 3
0.030289 3
0.030528 3
0.028570 3
0.031386 3
0.029226 3
0.029972 3
0.030047 3
0.029580 3
0.029690 3
0.183438 3
0.499731 3
0.030518 3
0.029856 3
0.030452 3
0.029863 3
0.029721 3
0.030258 3
0.029960 3
0.030039 3
0.030003 3
0.029533 3
0.029995 3
0.029598 3
0.033979 3
0.026941 3
0.030624 3
0.029096 3
0.029886 3
0.031208 3
0.029153 3
0.029876 3
0.030452 3
0.030636 3
0.029263 3
0.030109 3
0.029831 3
0.030305 3
0.362240 1
0.254476 1
0.172169 1
0.165883 1
0.179875 3
0.499597 3
0.031036 3
0.030743 3
0.029098 3
0.030489 3
0.029268 3
0.029960 3
0.029456 3
0.031169 3
0.028946 3
0.092415 3
0.307384 3
0.180308 3
0.179902 3
0.141683 3
0.157735 3
0.127196 3
0.150737 3
0.141955 3
0.142863 3
0.150137 3
0.157430 3
0.195764 3
0.816528 3
2.819900 319
0.104713 321
0.945228 1
0.134810 1
0.524899 1
0.239833 317
1.419045 314
0.673754 3
0.248295 319
0.592823 3
0.157073 3
0.156639 3
0.134810 3
0.135706 3
0.127714 3
0.127326 3
0.135078 3
0.404715 3
0.150230 3
0.157297 3
0.142116 3
0.157848 3
0.135555 3
0.321751 3
0.164994 3
0.500570 3
0.029758 3
0.030350 3
0.029388 3
0.030737 3
0.030037 3
0.029880 3
0.029632 3
0.029812 3
0.030023 3
0.032029 3
0.028316 3
1.254294 1
0.195402 1
0.173025 1
0.150311 1
0.501055 1
0.029891 1
0.029929 1
0.031872 357
0.027362 1
0.029833 1
0.030426 1
0.030227 1
0.029746 1
0.137057 1
0.148820 1
0.158052 1
0.157746 1
0.143106 1
0.164634 1
0.126312 1
0.501032 1
0.029774 1
0.030376 1
0.028940 1
0.033060 1
0.026611 1
0.031127 1
0.030576 1
0.029332 1
0.030141 1
0.030027 1
0.029379 1
0.030405 1
0.029842 1
0.029971 1
0.190038 3
0.500476 3
0.029364 3
0.031531 3
0.029473 3
0.029479 3
0.029948 3
0.029742 3
0.031154 3
0.029233 3
0.029926 3
0.212042 3
0.165106 3
0.150029 3
0.150262 3
0.135690 3
0.141452 3
0.165428 3
0.141998 3
0.135178 3
0.149937 3
1.402955 3
0.509364 346
1.313101 349
2.482231 351
0.862250 1
0.165754 1
0.149207 1
0.142033 1
0.143587 1
0.164843 1
0.142564 1
0.134886 1
0.141388 1
0.151027 1
0.150115 1
0.374458 3
0.164701 3
0.128795 3
0.149380 3
0.120316 3
0.134557 3
0.119761 3
0.142982 3
0.157646 3
0.149790 3
0.172271 3
0.967790 348
1.243964 3
0.157385 3
0.150376 3
0.143096 3
0.127456 3
0.143175 3
0.141041 3
0.158502 3
0.217466 3
0.164932 3
0.187764 3
0.696896 1
0.180053 1
0.300236 3
0.499908 3
0.030408 3
0.030101 3
0.030486 3
0.029823 3
0.029964 3
0.030352 1
0.293723 1
0.500429 1
0.030353 1
0.031910 1
0.027815 1
0.030062 1
0.030188 1
0.030434 1
0.029017 1
0.030102 1
0.030083 357
0.030424 1
0.029949 1
0.029896 1
0.030021 1
0.029993 1
0.029876 1
0.030415 1
0.029990 1
0.030096 1
0.030012 1
0.029175 1
0.030042 1
0.032271 1
0.028505 1
0.028957 1
0.031138 1
0.028580 1
0.031037 1
0.029990 1
0.029737 1
0.030297 1
0.030777 1
0.027810 1
0.031347 1
0.029974 1
0.029932 1
0.030521 1
0.028861 1
0.031014 1
0.028796 1
0.031275 1
0.029256 1
0.031661 1
0.028328 1
0.030144 1
0.029827 1
0.030197 1
0.030103 1
0.346886 3
0.726760 282
0.750816 285
0.157687 3
0.149699 3
0.149772 3
0.141921 3
0.150304 3
0.113110 3
0.135642 3
0.134121 3
0.142427 3
0.127286 3
0.501227 3
0.028842 3
0.030342 3
0.030544 3
0.029453 3
0.030307 3
0.029912 3
0.030104 3
0.030275 3
0.028652 3
0.031124 3
0.029849 3
0.029780 3
0.030564 3
0.029547 3
0.030083 3
0.159868 3
0.164402 3
0.128296 3
0.135701 3
0.179733 3
0.246172 3
1.599996 346
0.133199 349
18.977064 14
0.000234 5
0.002556 210
0.000530 5
0.000986 210
0.000460 5
0.001259 210
0.000207 112
12.147091 1
109.427605 4
0.158314 1
4.576030 1
0.050140 1
0.134945 1
1.035805 4
0.293333 1
0.943399 1
0.248793 1
0.697310 1
0.321942 1
0.226146 1
0.952269 1
0.149897 1
3.442705 11
0.000114 711
0.000034 218
0.000046 8
0.000076 104
16.689481 1
74.413372 4
0.165053 1
0.133399 1
1.214866 1
0.165166 1
0.173080 1
0.808961 1
0.549092 4
0.209791 1
0.704809 4
0.697179 1
1.950223 4
0.134907 4
0.127605 4
0.120310 4
0.135507 1
5.083965 1
26.520924 4
0.186993 1
0.165225 1
20.077365 2
1.336416 5
0.163210 1
0.142549 1
2.172710 50
3.648495 306
8.531135 38
1.189010 60
0.000533 9
0.095006 39
0.009564 112
2.197260 1
0.111783 1
1.057105 1
0.593228 1
0.148642 1
0.352233 1
1.487366 4
0.141233 4
0.119454 4
1.036385 1
0.283336 1
0.434918 1
0.383774 1
0.141751 1
0.383402 4
0.554724 1
2.610748 1
1.762624 2
0.001434 158
29.391083 9
1.236923 4
0.877297 1
0.127593 1
0.795315 11
0.000038 799
0.000153 112
15.060086 11
0.000035 8
0.000126 11
0.000035 112
2.917061 1
0.366329 1
0.569852 1
0.226332 1
0.165065 1
3.061334 10
0.860609 2
0.000045 9
0.000101 743
0.000026 56
0.000165 112
13.757067 49
2.930708 163
0.000224 30
0.000094 112
12.390689 35
1.424257 1
0.134985 1
0.127252 1
0.142518 1
0.119401 1
0.500691 1
0.033723 1
0.026723 1
0.028516 1
0.031009 1
0.030166 1
0.030443 1
0.029457 1
0.030736 1
0.029521 1
0.030440 1
0.029294 1
0.030499 1
0.028716 1
0.031488 1
0.029120 1
0.030430 1
0.029539 1
0.030292 1
0.038380 1
0.021389 1
0.029870 1
0.029879 1
0.029512 1
0.362859 3
0.500086 3
0.114383 3
0.172124 3
0.195765 3
0.165051 3
0.719519 1
0.165107 1
0.142726 1
0.156992 1
0.413383 1
0.374163 3
0.428074 5
0.157467 5
0.141790 5
0.143433 5
0.133814 5
0.143157 6
0.142520 1
0.352365 3
0.500319 3
0.030083 3
0.030348 3
0.030053 3
0.029759 3
0.029602 3
0.029744 3
0.030741 3
0.030252 3
0.030001 3
0.030222 3
0.028761 3
0.031830 3
0.028834 3
0.029800 3
0.030073 3
0.029874 3
0.030137 3
0.030260 3
0.030255 3
0.030076 3
0.028853 3
0.030835 3
0.030509 3
0.174052 3
0.330506 3
0.351525 4
16.847347 28
0.000010 112
4.012225 1
0.034861 1
0.939478 1
0.291418 1
0.202260 1
0.368041 1
0.442447 1
0.187017 1
0.361137 4
0.141791 4
0.728268 1
0.096744 1
1.146972 1
0.113097 1
1.291777 2
0.000053 9
0.000054 208
0.000057 260
0.000043 8
0.000008 104
3.994863 1
1.455714 1
1.868145 4
5.054835 1
0.795061 1
0.156905 1
4.075037 11
0.000072 72
0.001098 112
4.736229 1
3.368677 1
0.172103 1
0.156549 1
3.030456 2
0.000051 37
0.000007 15
0.000017 2
0.000095 112
7.983610 1
266.211473 4
3.222289 66
4.719706 171
0.000090 9
0.101426 39
0.016508 112
3.909912 26
1.185060 29
0.350930 26
0.226271 48
0.532304 53
0.186645 29
0.202757 1
2.247800 66
4.668407 170
3.058673 11
0.084870 39
0.009954 112
4.121288 26
2.408457 4
3.509000 4
0.050745 4
5.296334 4
0.201082 4
2.972111 1
0.381637 7
0.164768 7
0.157392 7
0.141474 7
0.150704 7
0.135565 7
0.142247 7
0.141474 7
0.158232 7
0.128270 7
0.126709 7
0.157989 7
0.141053 4
0.157386 7
0.158343 7
0.167123 4
0.148535 7
0.149951 7
0.164725 7
0.299434 7
0.158970 1
0.140423 1
0.165188 1
3.978885 68
1.918671 170
0.500455 1
0.029674 1
0.030350 1
0.029670 1
0.029823 1
0.031172 1
0.028858 1
0.030838 1
0.029820 1
0.030614 1
0.028463 1
0.031693 1
0.028818 1
0.031196 1
0.028840 1
0.030504 1
0.029993 1
0.029818 1
0.030032 1
0.029998 1
0.030150 1
0.030149 1
0.029731 1
0.030157 1
0.029961 1
0.029943 1
0.033424 1
0.026393 1
0.030531 1
0.029022 1
0.030323 1
0.030362 1
0.029910 1
0.030068 1
0.029879 1
0.029935 1
0.030053 1
0.030321 1
0.030207 1
0.028877 1
0.030167 1
0.030138 1
0.029840 1
0.030032 1
0.029807 1
0.030054 1
0.030315 1
0.029725 1
0.030564 1
0.442237 1
0.149940 1
0.150779 1
0.142149 1
0.150407 1
0.607091 3
1.554332 5
0.126186 5
0.127114 5
0.141792 1
1.096090 167
6.488730 1
0.103501 1
0.914750 1
0.306854 1
0.614831 1
0.750595 1
0.157812 1
0.787464 4
0.787439 1
0.165558 1
1.928563 1
0.305635 11
0.000062 82
0.000077 8
0.000009 104
40.268134 1
4.411155 1
3.382049 1
0.133826 1
2.603535 1
71.730881 4
0.208330 4
0.142838 4
0.187897 4
1.132284 1
0.472963 1
0.157070 1
0.375396 1
0.764170 4
0.622252 1
0.614944 1
3.534059 4
1.004452 1
5.213799 1
0.125848 1
2.634198 1
1.341019 1
0.613853 1
0.287091 1
0.562171 1
0.276530 1
0.405980 4
0.171672 4
0.690525 1
0.156940 1
2.423772 1
35.662130 224
270.152044 1
0.125097 1
0.367167 1
0.233020 1
0.255338 1
0.689401 11
0.001802 11
0.002743 8
0.000119 104
1.286782 1
0.103210 1
0.203769 1
0.164293 1
1.508433 1
0.569953 1
0.112343 1
0.156376 1
0.855998 1
0.532181 1
0.413597 11
0.041134 25
0.032568 1960
8.333947 931
1.479814 733
0.000012 228
0.016969 441
0.000012 220
0.007733 253
0.000042 407
0.026061 660
0.023833 144
0.000047 517
0.046460 220
0.000067 440
0.266817 143
0.000075 517
0.021105 143
0.000163 517
0.007428 220
0.000007 33
0.000039 77
0.000065 330
0.021232 143
0.000045 517
0.011932 660
0.058192 660
0.434175 79
0.000010 75
0.000075 371
0.000050 406
0.046747 178
0.000223 699
0.039479 162
0.000046 229
0.000019 46
0.000127 551
0.028433 52
0.000069 803
0.022956 33
0.000058 598
0.000072 207
0.031297 720
0.176903 756
0.000016 128
0.015903 168
0.000014 85
0.000060 229
0.000013 33
0.000037 184
0.000041 261
0.017548 90
0.000178 900
0.017288 102
0.000058 93
0.000051 57
0.000053 93
0.000064 167
0.000063 171
0.000065 247
0.012009 177
0.000008 91
0.000150 234
0.000052 351
0.027148 150
0.000041 552
0.346694 234
0.000009 33
0.000024 84
0.000021 33
0.000062 117
0.000031 84
0.000039 117
0.029971 150
0.000036 552
0.009976 234
0.000057 468
0.021797 117
0.000092 585
0.025322 702
0.641561 723
0.000008 36
0.001709 115
0.000025 99
0.027407 185
0.000008 118
0.000025 108
0.000035 194
0.000054 314
0.028198 1030
0.026917 312
0.000212 585
0.033066 246
0.000054 601
0.036831 393
0.000068 327
0.050710 720
0.187502 430
0.000056 454
0.015445 41
0.000225 784
0.000011 33
0.000071 102
0.011834 990
0.011692 33
0.000074 219
0.000005 2
0.000060 396
0.000027 179
0.000076 101
0.012442 33
0.000043 619
0.000015 201
0.022481 117
0.000064 33
0.000050 435
0.000026 117
0.045358 702
0.375328 312
0.000048 661
0.024599 72
0.000038 372
0.000046 194
0.000007 195
0.000041 86
0.018475 169
0.000080 236
0.000055 539
0.000006 3
0.000056 83
0.015733 33
0.000032 365
0.000021 380
0.000138 119
0.015028 847
0.017170 120
0.000071 600
0.016693 720
0.024749 153
0.000108 567
0.194114 463
0.000069 421
0.016667 33
0.000191 482
0.000028 445
0.011212 90
0.000067 595
0.000024 167
0.000026 138
0.010795 33
0.000048 617
0.000019 179
0.000039 8
0.000034 93
0.010454 33
0.000073 820
0.011212 702
0.013632 150
0.000028 468
0.000018 84
0.022082 150
0.000050 552
10.864736 85
32.743521 28
0.001933 112
37.449394 21
2.381053 35
0.014132 25
0.014553 3273
0.000074 738
12.081407 78
110.006964 28
0.001764 112
3.656556 22
1.236601 37
0.017814 25
0.016781 1960
2.414111 931
0.455221 289
0.000047 588
0.234262 53
0.000045 460
0.000043 33
0.000076 442
0.474760 33
0.000064 232
0.000024 145
0.000074 445
0.044889 838
0.057245 720
0.068125 600
0.000069 120
0.328702 721
0.022818 153
0.000011 480
0.000560 87
0.022520 240
0.000014 153
0.000065 327
0.034299 720
0.070951 240
0.000016 240
0.000049 240
3.455694 463
0.000011 260
0.000074 161
0.022803 347
0.000017 521
0.000023 92
0.030022 217
0.000009 135
0.000062 333
0.000006 167
0.000197 138
0.018139 102
0.000115 828
0.026590 33
0.000033 587
0.000018 234
0.037368 151
0.000099 552
0.066147 702
0.246160 117
0.000070 468
0.000019 117
0.016768 150
0.000193 468
0.000011 84
0.019245 267
0.000052 435
0.005546 117
0.000052 33
0.000036 117
0.000041 84
0.000067 351
0.009021 351
0.000013 267
0.000061 84
0.029931 702
2.523503 973
0.052533 70
0.000080 849
0.043829 136
0.000087 431
0.000026 463
0.030927 168
0.000066 729
0.041187 487
0.000043 360
0.046688 153
0.000216 567
15.350640 884
0.024007 960
0.022051 319
0.000013 212
0.000052 321
0.000034 138
0.029912 195
0.000015 150
0.000042 167
0.000256 317
0.000023 101
0.021937 854
0.282311 702
0.014255 267
0.000021 234
0.000007 201
0.024182 468
0.000020 234
0.010642 384
0.000010 201
0.000018 117
0.016399 468
0.000012 234
0.048107 468
0.000012 234
0.910765 132
1.095404 301
0.000011 553
0.039672 352
0.000015 267
0.000072 84
0.029865 501
0.000014 201
0.784622 132
0.592887 89
0.403296 205
0.278641 181
0.202198 89
0.165043 103
0.157714 123
0.148872 89
0.158193 112
0.165682 165
0.142395 166
0.134394 90
0.142706 107
0.142207 207
0.149760 133
0.142358 208
0.151254 111
0.134516 90
0.141690 106
0.143155 115
0.149686 90
0.165108 163
0.142170 159
0.135519 4
0.000097 86
0.127627 217
0.500002 92
0.030117 91
0.030265 4
0.000013 87
0.029886 91
0.033752 91
0.026316 91
0.029569 91
0.030416 91
0.029844 92
0.029926 91
0.030447 91
0.030491 91
0.029241 91
0.030035 91
0.030328 91
0.030998 91
0.029045 91
0.029552 91
0.029977 91
0.030073 91
0.030375 91
0.029738 91
0.030329 91
0.029642 91
0.030330 91
0.029748 91
0.030548 91
0.028743 91
0.029283 91
0.031665 91
0.029869 91
0.029214 91
0.030740 91
0.029585 91
0.106548 91
0.157169 92
0.158588 91
0.163941 91
1.907442 135
0.500535 160
0.029974 135
0.030546 158
0.029009 135
0.030245 67
0.000070 94
0.029852 135
0.030499 212
0.030675 135
0.029434 184
0.029952 159
0.029815 135
0.030121 90
0.000016 94
0.029699 43
0.000039 92
0.030522 120
0.000027 92
0.029256 154
0.030159 134
0.030414 171
0.030588 195
0.028980 150
0.029910 134
0.030174 78
0.000033 93
0.029344 146
0.031016 134
0.030693 268
0.029864 118
0.028935 117
0.030565 117
0.030227 117
0.029910 117
0.029199 117
0.030260 117
0.029364 117
0.030923 117
0.030941 117
0.029121 117
0.029916 117
0.030307 117
0.029611 117
0.029671 117
0.029744 117
0.030474 117
0.030491 117
0.028917 118
0.029745 117
0.031549 117
0.029230 117
0.030874 117
0.028933 117
1.313877 1308
0.284728 92
0.478656 92
7.868855 28
0.003532 103
7.339881 4
1.251291 3
0.194564 3
0.164608 6
0.750972 4
0.696436 3
0.217588 3
0.180912 6
6.878931 2
0.003794 25
0.015795 2076
0.000047 1935
3.040420 4095
0.000047 648
0.657535 1035
0.000025 102
0.000330 1376
0.000064 123
0.000287 2838
0.389816 4095
0.000801 1621
0.277406 4
0.000109 1035
0.000073 1031
0.000139 1032
0.000085 2066
0.000590 961
0.201283 50
0.000130 1035
0.000013 279
0.000495 2747
0.171550 4
0.000149 1042
0.000069 1036
0.000606 1359
0.172682 1064
0.000015 739
0.187331 94
0.186524 94
0.165017 93
0.164555 93
1.832072 28
0.001769 112
13.029649 1
44.222984 4
0.944933 20
1.244501 25
4.215717 1
0.815803 11
0.006418 166
0.000011 56
0.011595 135
0.000245 762
0.000150 1271
0.000249 1385
0.000020 6
1.236177 22
0.000679 96
0.032965 24
0.000032 6
0.000019 12
0.000060 7
0.000309 240
0.012608 298
0.013491 126
0.015156 119
0.000085 7
0.015047 126
0.015824 126
0.020649 126
0.019213 126
0.413995 126
0.010646 14
0.000269 105
0.000027 7
0.010051 126
0.010355 126
0.008402 21
0.000402 98
0.000051 7
0.020078 126
0.015231 14
0.000050 28
0.000007 21
0.000027 7
0.000206 7
0.000031 219
0.325068 28
0.000040 72
0.000020 12
0.000365 178
0.012589 108
0.006872 6
0.000195 164
0.000085 42
0.000012 49
0.000123 532
0.000152 831
0.000011 410
0.000096 565
0.000005 7
0.000140 91
0.011317 14
0.000278 112
0.011253 7
0.000063 7
0.000009 7
0.000212 105
0.018588 119
0.000011 7
0.346648 49
0.000008 28
0.000043 28
0.000017 14
0.000146 7
0.014647 42
0.000009 35
0.000066 42
0.000119 7
0.015007 14
0.000018 21
0.000008 21
0.000123 42
0.000023 7
0.000069 14
0.000092 7
0.017606 49
0.000014 35
0.000023 28
0.000063 7
0.000087 7
0.027735 40
0.000009 36
0.000055 24
0.000006 6
0.000140 6
0.057656 54
0.000124 216
0.000015 303
0.000154 1200
0.000019 291
0.000006 78
0.000008 79
0.000068 286
0.000038 595
0.000084 27
0.000097 461
0.000006 147
0.000047 103
0.000006 202
0.000041 166
0.000143 281
0.000032 428
0.000091 6
0.376203 554
0.000013 312
0.000089 397
0.000011 217
0.000093 190
0.000153 386
0.000033 339
0.000067 225
0.000008 240
0.000057 369
0.000126 429
0.000029 623
0.000008 334
0.000010 88
0.000090 345
0.000008 457
0.000039 6
0.000150 6
0.013086 223
0.000010 236
0.000055 448
0.000006 12
0.000039 304
0.000058 687
0.000214 311
0.000035 1069
0.000009 219
0.000072 677
0.000007 75
0.000009 74
0.000032 79
0.000007 57
0.000085 280
0.000007 60
0.000008 315
0.000051 147
0.000005 103
0.000062 293
0.000112 6
0.012052 149
0.000007 18
0.000122 438
0.000029 1105
0.000082 407
0.000006 114
0.000033 109
0.000037 130
0.000007 64
0.000047 213
0.000057 409
0.000009 244
0.000010 296
0.000049 326
0.000008 86
0.000118 536
0.000009 109
0.000026 73
0.000006 94
0.000039 45
0.000005 68
0.000041 196
0.000006 112
0.000021 214
0.000006 34
0.000121 6
0.013003 6
0.000658 4095
0.000022 1491
0.014393 1747
0.045315 7
0.000043 14
0.000052 25
0.000006 6
0.000020 6
0.000006 12
0.000074 24
0.000006 12
0.000082 79
0.253111 78
0.000161 733
0.000009 432
0.000053 305
0.000020 220
0.000054 372
0.000006 205
0.000073 216
0.000107 7
0.011732 49
0.000016 28
0.000022 28
0.000066 14
0.000101 7
0.010566 14
0.000008 14
0.000009 7
0.000057 35
0.000006 7
0.000048 28
0.000006 14
0.000139 7
0.013546 105
0.000014 14
0.000116 7
0.017704 119
0.000083 7
0.015470 14
0.000008 28
0.000057 14
0.000006 28
0.000072 35
0.000156 7
0.560713 35
0.000017 28
0.000007 28
0.000078 28
0.000191 7
0.011679 56
0.000160 63
0.000009 7
0.012867 77
0.000010 7
0.000006 21
0.000038 13
0.000168 6
0.010572 30
0.000007 18
0.000040 12
0.000005 18
0.000012 24
0.000120 6
0.011122 36
0.000011 6
0.000273 233
0.000025 327
0.000006 78
0.000052 162
0.000072 634
0.000007 168
0.000007 166
0.000052 247
0.000006 144
0.000044 382
0.000006 50
0.000007 37
0.000043 7
0.000110 7
0.016849 126
0.259597 98
0.000025 21
0.000172 7
0.011967 14
0.000061 35
0.000006 14
0.000073 42
0.000006 7
0.000048 7
0.000147 126
0.012500 247
0.010442 35
0.000009 35
0.000031 7
0.000057 42
0.000142 7
0.019881 63
0.000034 21
0.000008 14
0.000032 7
0.000066 14
0.000160 7
0.053310 31
0.000010 18
0.000025 24
0.000057 30
0.000153 6
0.204111 30
0.000009 30
0.000383 247
0.000141 290
0.000012 508
0.000091 658
0.001004 1213
0.009653 21
0.000012 7
0.000070 28
0.000006 7
0.000054 21
0.000049 28
0.000006 7
0.000177 7
0.022888 126
0.006735 35
0.000009 21
0.000044 21
0.000007 21
0.000064 21
0.000164 7
0.010023 35
0.000007 21
0.000049 35
0.000033 28
0.000201 7
0.046099 84
0.000009 14
0.000016 7
0.000007 7
0.000037 7
0.000167 7
0.258532 28
0.000009 21
0.000049 42
0.000007 7
0.000041 21
0.000170 7
0.012091 21
0.000010 14
0.000018 28
0.000050 28
0.000007 14
0.000112 14
0.000139 7
0.010451 63
0.000009 28
0.000065 24
0.000139 6
0.011291 108
0.012657 233
0.000128 231
0.000015 446
0.000116 863
0.000009 114
0.000010 72
0.000055 207
0.000008 77
0.000099 554
0.000009 207
0.000096 494
0.000010 502
0.000028 327
0.000007 64
0.000142 186
0.000048 1054
0.000007 288
0.000007 75
0.000040 193
0.000145 6
0.029256 211
0.000008 6
0.000038 12
0.000010 223
0.000054 81
0.000103 179
0.000010 319
0.000033 52
0.000019 246
0.000085 377
0.000009 83
0.000052 166
0.000007 42
0.000024 19
0.000025 41
0.000094 125
0.000008 77
0.000122 202
0.000022 476
0.000006 204
0.000113 518
0.000009 591
0.000080 596
0.000007 108
0.000046 265
0.000007 281
0.000058 392
0.000007 63
0.000068 381
0.000168 6
0.245298 448
0.000032 770
0.000704 4095
0.000025 1075
0.011947 78
0.000012 12
0.000125 243
0.000008 12
0.000060 393
0.000007 12
0.000074 436
0.000008 93
0.000038 230
0.000007 131
0.000063 248
0.000098 295
0.000026 469
0.000064 368
0.000008 357
0.000072 282
0.000008 204
0.000018 138
0.000063 438
0.000006 51
0.000012 321
0.000054 549
0.000006 31
0.000094 182
0.000006 121
0.000053 214
0.000027 276
0.000019 115
0.000128 6
0.011672 4095
0.000091 2304
0.007696 56
0.000041 226
0.000006 6
0.000006 219
0.000059 85
0.000006 12
0.000019 160
0.000062 250
0.000010 27
0.000072 415
0.000006 87
0.000049 116
0.000020 383
0.000008 280
0.000048 469
0.000009 322
0.000008 125
0.000055 262
0.000007 6
0.000053 252
0.000008 455
0.000057 235
0.000008 229
0.000009 226
0.000005 72
0.000070 827
0.000018 333
0.000005 131
0.000005 42
0.000131 6
0.010223 6
0.000010 218
0.000042 180
0.000120 402
0.000084 282
0.000006 111
0.000052 364
0.000006 102
0.000065 334
0.000007 187
0.000067 400
0.000006 54
0.000035 327
0.000078 298
0.000006 83
0.000091 137
0.000023 558
0.000006 78
0.000039 179
0.000007 221
0.000057 313
0.000006 49
0.000045 347
0.000006 202
0.000028 236
0.000007 220
0.000076 368
0.000007 167
0.000044 197
0.000007 105
0.000043 37
0.000150 6
0.019690 6
0.000008 57
0.000053 455
0.000007 100
0.000101 167
0.000034 629
0.000096 477
0.000007 436
0.000065 510
0.000051 303
0.000006 155
0.000037 464
0.000036 108
0.000059 523
0.000006 211
0.000095 564
0.000018 112
0.000005 119
0.000044 210
0.000006 202
0.000041 303
0.000005 220
0.000074 196
0.000038 339
0.000005 166
0.000036 6
0.000135 6
0.247422 181
0.000008 6
0.000048 229
0.000053 257
0.000006 12
0.000005 46
0.000061 378
0.000006 84
0.000024 120
0.000045 10
0.000009 67
0.000061 395
0.000100 157
0.000015 923
0.000006 230
0.000086 762
0.000007 332
0.000080 825
0.000007 238
0.000092 382
0.000085 839
0.000021 292
0.000006 152
0.000009 44
0.000055 178
0.000141 6
0.012832 1969
0.000008 194
0.000047 154
0.000006 148
0.000024 35
0.000042 126
0.000006 70
0.000117 282
0.000009 497
0.000041 254
0.000043 347
0.000055 255
0.000005 178
0.000016 93
0.000005 153
0.000041 62
0.001647 2107
0.010788 6
0.000123 322
0.000021 773
0.000006 123
0.000153 874
0.000008 379
0.000051 435
0.000006 208
0.000069 342
0.000007 174
0.000019 116
0.000041 276
0.000006 114
0.000015 57
0.000100 156
0.000028 532
0.000020 728
0.000016 132
0.000005 213
0.000065 432
0.000008 134
0.000045 98
0.000134 6
0.013018 240
0.000020 167
0.000007 184
0.000044 52
0.000007 135
0.000049 242
0.000010 275
0.000163 399
0.000026 900
0.000006 77
0.000042 126
0.000009 446
0.000056 430
0.000007 273
0.000034 232
0.000006 164
0.000008 213
0.000052 402
0.000009 203
0.000006 252
0.000031 40
0.000006 142
0.000062 353
0.000018 583
0.000183 6
0.018377 4095
0.000016 2097
0.049048 2178
0.000017 1344
0.000053 499
0.000069 240
0.000008 86
0.000068 96
0.000008 141
0.000023 79
0.000073 143
0.000315 1759
0.306761 253
0.000008 167
0.000100 253
0.000006 6
0.000049 232
0.000006 253
0.000036 229
0.000005 30
0.000005 35
0.000045 36
0.000005 28
0.000112 423
0.000006 52
0.000005 49
0.000050 189
0.000005 226
0.000050 398
0.000132 227
0.000015 605
0.000009 76
0.000060 492
0.000008 68
0.000050 281
0.000007 197
0.000045 164
0.000006 158
0.000018 209
0.000008 248
0.000044 120
0.000005 164
0.000072 359
0.000146 6
0.014021 155
0.000008 186
0.000046 97
0.000091 221
0.000160 83
0.000022 1106
0.000005 64
0.000051 475
0.000006 172
0.000068 485
0.000006 215
0.000042 240
0.000005 288
0.000008 179
0.000045 268
0.000005 87
0.000035 396
0.000005 72
0.000049 295
0.000007 325
0.000040 374
0.000007 188
0.000006 168
0.000042 203
0.000006 156
0.000127 6
0.014990 252
0.000012 244
0.000087 636
0.000007 194
0.000060 232
0.000006 255
0.000083 204
0.000055 523
0.000022 493
0.000007 270
0.000053 496
0.000007 330
0.000063 486
0.000007 224
0.000008 209
0.000040 127
0.000006 154
0.000051 295
0.000006 123
0.000049 156
0.000006 154
0.000019 163
0.000053 91
0.000110 6
0.016488 6
0.000008 15
0.000008 12
0.000049 162
0.000070 12
0.000017 213
0.000005 6
0.000004 183
0.000054 130
0.000005 165
0.000033 80
0.000005 72
0.000040 381
0.000053 107
0.000006 378
0.000043 213
0.000064 289
0.000006 233
0.000039 167
0.000005 158
0.000046 197
0.000005 169
0.000006 138
0.000045 432
0.000005 260
0.000037 21
0.000020 384
0.000006 186
0.000072 644
0.000005 279
0.000039 52
0.000132 6
0.022810 6
0.000093 316
0.000017 211
0.000006 6
0.000072 12
0.000009 176
0.000075 131
0.000066 338
0.000019 36
0.000042 23
0.000005 102
0.000063 217
0.000005 139
0.000046 45
0.000005 197
0.000058 309
0.000047 65
0.000005 111
0.000056 183
0.000048 65
0.000017 133
0.000005 75
0.000007 46
0.000041 125
0.000005 108
0.000070 338
0.000005 107
0.000039 223
0.000005 82
0.000049 185
0.000006 218
0.000050 347
0.000006 10
0.000043 97
0.000005 87
0.000062 307
0.000005 133
0.000087 154
0.000007 94
0.000080 297
0.000006 184
0.000041 6
0.000147 6
0.049764 16
0.000008 18
0.000070 428
0.000007 222
0.000140 161
0.000028 703
0.000009 291
0.000042 120
0.000013 122
0.000068 571
0.000006 97
0.000054 101
0.000007 172
0.000075 320
0.000007 83
0.000018 45
0.000007 31
0.000006 30
0.000045 388
0.000015 58
0.000079 345
0.000008 454
0.000122 394
0.000009 381
0.000055 118
0.000019 87
0.000122 6
0.272000 188
0.000012 165
0.000069 240
0.000008 117
0.000043 292
0.000011 85
0.000083 478
0.000012 133
0.000007 155
0.000068 331
0.000059 306
0.000007 190
0.000008 153
0.000212 485
0.000040 1427
0.000010 291
0.000094 545
0.000022 160
0.000199 6
0.012102 75
0.000010 217
0.000007 160
0.000075 33
0.000158 506
0.000013 271
0.000046 95
0.000754 4095
0.000040 284
0.008548 357
0.000011 12
0.000007 75
0.000088 228
0.000008 78
0.000072 6
0.000112 585
0.000012 314
0.000092 83
0.000009 220
0.000068 350
0.000005 75
0.000053 411
0.000006 122
0.000042 380
0.000006 304
0.000030 119
0.000007 101
0.000040 30
0.000047 118
0.000018 439
0.000006 290
0.000047 206
0.000005 110
0.000045 249
0.000007 183
0.000022 260
0.000040 232
0.000140 6
0.008836 149
0.000007 70
0.000072 642
0.000006 53
0.000089 422
0.000011 242
0.000026 123
0.000011 261
0.000127 601
0.000010 697
0.000028 543
0.000026 153
0.000055 528
0.000088 738
0.000005 31
0.000062 581
0.000114 6
0.011698 1651
0.000008 531
0.000005 95
0.000048 334
0.000030 277
0.000010 65
0.000009 80
0.000009 142
0.000039 110
0.000073 390
0.000004 71
0.000050 159
0.000010 71
0.000006 70
0.000289 1748
0.015967 4095
0.000036 1708
0.041962 70
0.000010 12
0.000018 228
0.000050 236
0.000046 334
0.000009 75
0.000144 140
0.000030 573
0.000007 10
0.000082 262
0.000009 73
0.000075 327
0.000007 137
0.000035 123
0.000008 176
0.000010 72
0.000039 118
0.000052 474
0.000036 355
0.000033 308
0.000041 282
0.000006 235
0.000048 39
0.000006 369
0.000086 159
0.000009 382
0.000006 70
0.000005 10
0.000026 257
0.000062 179
0.000139 6
0.231423 167
0.000012 250
0.000009 198
0.000079 132
0.000053 292
0.000008 294
0.000044 192
0.000006 155
0.000022 102
0.000025 95
0.000022 126
0.000025 99
0.000021 146
0.000020 78
0.000026 103
0.000066 508
0.000007 118
0.000147 385
0.000011 940
0.000088 729
0.000065 613
0.000100 195
0.000115 6
0.012568 218
0.000026 12
0.000405 143
0.000008 21
0.000018 7
0.000076 42
0.000008 175
0.000029 82
0.000091 452
0.000108 237
0.000016 372
0.000009 194
0.000040 316
0.000077 442
0.000008 10
0.000007 167
0.000027 243
0.000068 120
0.000156 7
0.016936 28
0.000045 28
0.000507 70
0.011205 56
0.000023 35
0.000008 21
0.000073 7
0.000203 7
0.010042 7
0.000008 7
0.000008 7
0.000052 42
0.000006 7
0.000026 7
0.000078 35
0.000006 7
0.000167 7
0.011258 126
0.245785 56
0.000008 14
0.000088 49
0.000178 7
0.010022 21
0.000015 49
0.000056 28
0.000006 21
0.000198 7
0.009510 56
0.000007 35
0.000059 21
0.000006 7
0.000165 7
0.010982 28
0.000009 14
0.000045 43
0.000086 24
0.000167 6
0.011660 18
0.000107 66
0.000045 237
0.000006 145
0.000037 86
0.000112 491
0.000131 176
0.000015 226
0.000188 1637
0.026954 6
0.000011 80
0.000010 6
0.000039 217
0.000047 80
0.000006 12
0.000038 169
0.000037 21
0.000007 103
0.000044 230
0.000048 158
0.000007 327
0.000081 437
0.000009 302
0.000145 139
0.000014 1456
0.000051 244
0.000006 157
0.000046 301
0.000006 211
0.000059 202
0.000020 180
0.000007 90
0.000047 506
0.000006 101
0.000059 404
0.000006 29
0.000005 6
0.000151 6
0.238572 300
0.000046 414
0.000096 1429
0.000083 417
0.000007 62
0.000007 152
0.000071 557
0.000008 299
0.000065 358
0.000082 254
0.000015 846
0.000007 193
0.000085 507
0.000008 245
0.000022 261
0.000007 72
0.000186 6
0.010028 90
0.000014 221
0.000040 95
0.000047 12
0.000007 315
0.000045 105
0.000006 177
0.000054 200
0.000017 258
0.000089 10
0.000083 571
0.000024 879
0.000006 248
0.000008 75
0.000053 457
0.000006 249
0.000007 317
0.000007 25
0.000044 32
0.000006 289
0.000007 69
0.000044 253
0.000006 217
0.000007 157
0.000043 272
0.000005 64
0.000069 388
0.000021 371
0.000005 150
0.000043 251
0.000144 6
0.009983 21
0.000014 43
0.000005 6
0.000062 219
0.000007 84
0.000021 12
0.000006 6
0.000048 376
0.000007 91
0.000035 350
0.000006 97
0.000047 224
0.000076 625
0.000007 250
0.000051 163
0.000005 167
0.000036 328
0.000080 253
0.000018 325
0.000006 407
0.000006 26
0.000043 299
0.000005 234
0.000055 568
0.000006 219
0.000067 392
0.000006 31
0.000006 180
0.000051 152
0.000005 45
0.000125 6
0.011751 237
0.000008 18
0.000062 148
0.000005 178
0.000065 36
0.000006 101
0.000041 308
0.000005 103
0.000129 322
0.000019 658
0.000057 160
0.000005 158
0.000035 169
0.000005 223
0.000025 214
0.000026 360
0.000037 223
0.000005 182
0.000073 327
0.000008 347
0.000006 34
0.000072 430
0.000062 254
0.000023 221
0.000007 381
0.000066 423
0.000005 118
0.000006 6
0.000132 6
0.011731 6
0.000065 367
0.000084 76
0.000008 12
0.000068 297
0.000040 432
0.000005 116
0.000019 33
0.000059 319
0.000020 129
0.000019 203
0.000049 66
0.000006 240
0.000055 331
0.000007 249
0.000223 411
0.000024 597
0.000005 317
0.000046 284
0.000008 209
0.000094 582
0.000007 158
0.000052 403
0.000046 114
0.000005 64
0.000028 209
0.000005 80
0.000145 6
0.019590 184
0.000009 158
0.000043 271
0.000050 131
0.000106 276
0.000025 828
0.000007 205
0.000006 259
0.000063 439
0.000007 222
0.000009 85
0.000037 287
0.000005 20
0.000006 289
0.000005 9
0.000033 107
0.000005 182
0.000045 449
0.000013 217
0.000042 284
0.000013 402
0.000007 72
0.000004 24
0.000074 395
0.000007 547
0.000040 96
0.000111 6
0.235503 21
0.000014 180
0.000067 316
0.000007 33
0.000094 336
0.000025 283
0.000009 436
0.000105 856
0.000180 503
0.000180 2358
0.000008 418
0.000038 73
0.000200 395
0.012298 2217
0.000263 2319
0.000009 429
0.000046 1071
0.000098 6
0.011890 2559
0.000141 1060
0.000006 117
0.000165 1736
0.000006 91
0.000074 297
0.000107 6
0.010352 86
0.000027 6
0.000028 6
0.000034 6
0.000006 9
0.000625 4095
0.000026 1633
0.008781 287
0.001009 4095
0.000020 1529
0.015248 1345
0.000088 125
0.000088 219
0.000070 137
0.001642 105
0.000013 319
0.000057 374
0.000037 558
0.000034 141
0.000010 224
0.001012 2256
0.242330 196
0.000008 44
0.000056 177
0.000006 9
0.000076 40
0.000006 54
0.000030 187
0.000051 231
0.000006 50
0.000055 77
0.000019 42
0.000131 447
0.000009 125
0.000056 334
0.000006 261
0.000110 757
0.000009 107
0.000007 49
0.000056 365
0.000006 119
0.000157 296
0.000012 684
0.000082 733
0.000146 6
0.012005 81
0.000010 18
0.000082 480
0.000060 278
0.000081 337
0.000069 605
0.002269 3751
0.007582 222
0.000012 96
0.000138 319
0.000011 182
0.000125 385
0.000018 575
0.000093 488
0.000005 208
0.000025 151
0.000091 320
0.000007 400
0.000005 99
0.000026 111
0.000079 629
0.000007 41
0.000022 61
0.000006 51
0.000020 236
0.000018 129
0.000007 77
0.000085 499
0.000024 181
0.000007 261
0.000054 248
0.000006 116
0.000161 6
0.009769 15
0.000012 12
0.000045 209
0.000069 83
0.000023 177
0.000060 18
0.000021 25
0.000007 23
0.000060 270
0.000007 220
0.000060 416
0.000008 10
0.000024 41
0.000066 193
0.000006 358
0.000037 338
0.000037 356
0.000037 171
0.000130 188
0.000021 825
0.000005 248
0.000058 163
0.000005 85
0.000041 270
0.000016 334
0.000005 242
0.000057 201
0.000005 251
0.000056 160
0.000107 6
0.010706 57
0.000013 129
0.000065 422
0.000043 220
0.000005 152
0.000025 220
0.000064 201
0.000020 536
0.000006 428
0.000024 52
0.000056 437
0.000006 125
0.000065 327
0.000006 165
0.000005 185
0.000049 357
0.000005 30
0.000037 371
0.000038 61
0.000021 136
0.000007 270
0.000005 87
0.000004 52
0.000034 205
0.000023 232
0.000007 88
0.000082 273
0.000006 6
0.000066 6
0.016480 219
0.000053 58
0.000021 180
0.000006 48
0.000068 234
0.000007 123
0.000019 154
0.000006 28
0.000061 262
0.000009 315
0.000048 352
0.000037 301
0.000022 127
0.000034 338
0.000047 225
0.000007 231
0.000032 173
0.000026 226
0.000052 162
0.000019 589
0.000006 76
0.000031 199
0.000042 29
0.000005 117
0.000005 280
0.000047 415
0.000005 151
0.000038 94
0.000115 6
0.234496 87
0.000008 40
0.000994 4095
0.000014 728
0.000007 459
0.000161 6
0.012095 267
0.000009 39
0.000057 197
0.000033 92
0.000129 122
0.000017 1207
0.000087 238
0.000114 320
0.000015 383
0.000047 402
0.000012 45
0.000082 242
0.000013 204
0.000054 268
0.000013 170
0.000011 130
0.000051 24
0.000013 332
0.000101 389
0.000017 148
0.000012 117
0.000056 286
0.000106 6
0.012222 84
0.000007 12
0.000031 6
0.000005 206
0.000005 6
0.000074 170
0.000005 12
0.000046 6
0.000006 169
0.000063 303
0.000018 455
0.000005 22
0.000083 335
0.000044 300
0.000039 422
0.000005 64
0.000043 97
0.000006 265
0.000038 41
0.000005 71
0.000037 122
0.000064 124
0.000019 520
0.000005 28
0.000041 197
0.000005 24
0.000034 214
0.000005 152
0.000055 348
0.000005 68
0.000037 269
0.000044 235
0.000005 75
0.000044 304
0.000005 123
0.000152 6
0.003101 214
0.000008 98
0.000075 314
0.000006 43
0.000045 232
0.000007 89
0.000040 218
0.000006 289
0.000085 242
0.000023 450
0.000007 222
0.000051 345
0.000007 141
0.000045 352
0.000006 24
0.000044 361
0.000006 239
0.000045 483
0.000007 221
0.000008 105
0.000049 261
0.000007 276
0.000063 409
0.000022 483
0.000006 30
0.000137 6
0.011086 15
0.000007 6
0.000046 225
0.000005 35
0.000035 155
0.000064 146
0.000017 28
0.000015 152
0.000006 133
0.000067 579
0.000019 221
0.000005 22
0.000004 152
0.000074 408
0.000041 140
0.000007 210
0.000092 391
0.000012 173
0.000007 22
0.000077 182
0.000088 172
0.000026 643
0.000010 162
0.000062 199
0.000008 128
0.000054 116
0.000023 138
0.000010 104
0.000079 480
0.000006 98
0.000203 6
0.009667 6
0.000008 233
0.000033 300
0.000033 93
0.000005 18
0.000062 305
0.000005 152
0.000022 172
0.000033 96
0.000033 276
0.000016 92
0.000098 509
0.000006 357
0.000058 257
0.000028 225
0.000029 276
0.000070 524
0.000081 930
0.000047 587
0.000032 279
0.000028 258
0.000015 140
0.000130 202
0.000026 6
0.048337 80
0.000008 6
0.000070 217
0.000008 18
0.000090 276
0.000006 15
0.000006 183
0.000007 71
0.000051 311
0.000007 260
0.000057 364
0.000006 68
0.000047 331
0.000006 249
0.000029 78
0.000006 232
0.000029 223
0.000006 112
0.000047 283
0.000007 335
0.000157 296
0.000011 693
0.000103 924
0.000007 252
0.000033 103
0.000006 35
0.000047 276
0.000006 78
0.000167 6
0.219442 190
0.000010 221
0.000052 155
0.000052 318
0.000006 291
0.000054 241
0.000113 260
0.000011 763
0.000110 816
0.000008 164
0.000119 1120
0.000008 391
0.000005 169
0.000167 222
0.000181 966
0.012169 217
0.000038 18
0.000010 92
0.000006 89
0.000060 210
0.000008 30
0.000028 152
0.000063 405
0.000008 108
0.000089 459
0.000012 395
0.000007 77
0.000090 657
0.000008 96
0.000062 242
0.000007 115
0.000009 94
0.000066 40
0.000175 477
0.000030 1112
0.000007 118
0.000009 75
0.000063 391
0.000008 339
0.000054 162
0.000006 162
0.000043 175
0.000006 24
0.000008 6
0.000166 6
0.010433 6
0.000040 74
0.000052 310
0.000044 199
0.000044 426
0.000051 140
0.000018 450
0.000005 72
0.000004 315
0.000068 472
0.000006 210
0.000026 34
0.000006 307
0.000065 444
0.000005 37
0.000007 15
0.000018 35
0.000037 140
0.000005 78
0.000006 33
0.000038 268
0.000005 53
0.000017 281
0.000038 374
0.000005 308
0.000043 178
0.000017 356
0.000005 239
0.000038 312
0.000005 116
0.000046 139
0.000129 6
0.011084 208
0.000007 40
0.000024 12
0.000034 180
0.000016 12
0.000004 81
0.000031 50
0.000005 83
0.000021 92
0.000029 459
0.000033 126
0.000004 73
0.000021 126
0.000040 372
0.000005 236
0.000043 263
0.000005 28
0.000037 316
0.000094 254
0.000006 342
0.000044 448
0.000005 142
0.000020 67
0.000058 336
0.000005 110
0.000032 425
0.000039 531
0.000031 164
0.000029 466
0.000028 385
0.000038 16
0.000214 6
0.006981 44
0.000009 18
0.000055 170
0.000005 9
0.000016 18
0.000088 300
0.000020 627
0.000005 136
0.000019 186
0.000044 136
0.000005 199
0.000005 218
0.000040 472
0.000005 121
0.000029 346
0.000050 318
0.000006 160
0.000059 56
0.000006 174
0.000050 100
0.000005 24
0.000063 280
0.000006 321
0.000060 355
0.000018 382
0.000039 314
0.000005 90
0.000042 56
0.000006 300
0.000052 172
0.000127 6
0.011825 181
0.000011 18
0.000062 239
0.000007 77
0.000007 6
0.000006 143
0.000034 12
0.000006 137
0.000031 217
0.000006 191
0.000018 108
0.000038 256
0.000047 126
0.000006 77
0.000048 168
0.000007 242
0.000039 34
0.000006 74
0.000027 72
0.000009 72
0.000050 236
0.000036 339
0.000006 106
0.000053 302
0.000006 53
0.000034 131
0.000021 171
0.000006 40
0.000082 547
0.000009 181
0.000006 141
0.000030 270
0.000006 118
0.000035 221
0.000026 387
0.000034 178
0.000016 56
0.000005 158
0.000127 6
0.035418 83
0.000018 217
0.000058 12
0.000006 78
0.000179 228
0.000023 801
0.000079 549
0.000007 185
0.000047 318
0.000006 200
0.000046 459
0.000006 250
0.000045 94
0.000006 358
0.000057 299
0.000006 207
0.000059 332
0.000023 96
0.000019 37
0.000006 223
0.000060 302
0.000006 53
0.000030 237
0.000006 265
0.000066 309
0.000006 250
0.000042 24
0.000147 6
0.365108 175
0.000008 176
0.000006 12
0.000005 6
0.000110 226
0.000006 15
0.000019 251
0.000095 402
0.000007 140
0.000040 246
0.000088 521
0.000007 59
0.000140 154
0.000016 1058
0.000023 487
0.000114 613
0.000054 621
0.000007 72
0.000129 326
0.000007 160
0.000032 118
0.000007 300
0.000042 162
0.000156 6
0.022518 165
0.000017 429
0.000056 179
0.000103 494
0.000010 313
0.000078 324
0.000102 316
0.000009 150
0.000038 377
0.000038 335
0.000005 307
0.000017 73
0.000005 189
0.000071 473
0.000023 211
0.000017 104
0.000006 279
0.000048 273
0.000005 87
0.000038 246
0.000005 259
0.000035 43
0.000005 130
0.000006 204
0.000047 80
0.000112 6
0.018208 25
0.000055 155
0.000015 6
0.000008 12
0.000044 54
0.000049 139
0.000007 155
0.000048 151
0.000007 235
0.000051 107
0.000005 31
0.000042 146
0.000025 156
0.000007 147
0.000051 362
0.000006 180
0.000042 24
0.000072 177
0.000010 289
0.000036 346
0.000039 41
0.000025 126
0.000011 6
0.000024 36
0.000008 239
0.000030 158
0.000005 35
0.000049 475
0.000006 241
0.000038 64
0.000025 125
0.000081 223
0.000036 839
0.000052 69
0.000141 6
0.011473 213
0.000018 18
0.000033 83
0.000073 256
0.000007 12
0.000048 80
0.000122 242
0.000014 648
0.000008 229
0.000055 467
0.000007 42
0.000057 164
0.000006 40
0.000019 177
0.000025 14
0.000008 84
0.000082 191
0.000008 268
0.000041 6
0.000069 807
0.000048 194
0.000005 101
0.000064 447
0.000022 168
0.000017 74
0.000006 269
0.000006 29
0.000046 341
0.000005 96
0.000036 262
0.000121 6
0.013003 110
0.000007 221
0.000007 39
0.000035 202
0.000041 354
0.000005 292
0.000057 532
0.000006 302
0.000004 76
0.000006 148
0.000029 285
0.000044 10
0.000093 408
0.000019 557
0.000005 397
0.000070 537
0.000006 266
0.000050 454
0.000006 83
0.000004 206
0.000050 336
0.000005 47
0.000027 79
0.000107 6
0.015321 167
0.000087 246
0.000010 39
0.000059 264
0.000007 133
0.000005 201
0.000086 160
0.000019 529
0.000005 159
0.000031 39
0.000054 323
0.000007 154
0.000008 251
0.000050 192
0.000049 361
0.000006 47
0.000050 6
0.000305 433
0.000005 49
0.000006 154
0.000042 337
0.000016 270
0.000005 57
0.000035 220
0.000005 128
0.000046 368
0.000017 263
0.000006 302
0.000024 303
0.000007 50
0.000144 7
0.019978 28
0.000050 7
0.000005 35
0.000077 49
0.000115 7
0.028741 28
0.000011 21
0.000006 28
0.000102 42
0.000140 7
0.242881 7
0.000011 7
0.000005 21
0.000042 21
0.000007 21
0.000052 42
0.000100 7
0.014436 21
0.000009 21
0.000055 42
0.000006 21
0.000048 14
0.000131 7
0.011570 35
0.000021 35
0.000046 35
0.000006 14
0.000169 7
0.011865 35
0.000012 21
0.000053 42
0.000006 21
0.000169 7
0.011637 56
0.000008 14
0.000033 7
0.000020 14
0.000006 21
0.000055 7
0.000128 7
0.014010 14
0.000007 21
0.000037 21
0.000010 21
0.000048 42
0.000134 7
0.013771 43
0.000054 42
0.000006 18
0.000158 6
0.026385 12
0.000014 42
0.000013 6
0.000043 171
0.000067 215
0.000012 355
0.000058 407
0.000007 177
0.000059 396
0.000136 164
0.000020 982
0.000142 821
0.000092 644
0.000008 57
0.000063 197
0.000006 101
0.000079 426
0.000020 183
0.000070 579
0.000147 6
0.231190 528
0.000021 940
0.000009 247
0.000164 1166
0.000009 317
0.000108 411
0.000025 213
0.000008 333
0.000133 282
0.000018 941
0.000059 220
0.000009 147
0.000008 102
0.000025 81
0.000061 218
0.000175 6
0.013588 209
0.000008 12
0.000049 89
0.000006 217
0.000052 12
0.000033 188
0.000073 183
0.000006 147
0.000048 315
0.000006 91
0.000043 288
0.000012 120
0.000007 118
0.000050 53
0.000049 232
0.000019 468
0.000006 39
0.000035 130
0.000068 297
0.000005 77
0.000030 89
0.000037 196
0.000005 148
0.000046 241
0.000005 142
0.000034 255
0.000005 185
0.000042 134
0.000004 169
0.000035 475
0.000005 57
0.000045 187
0.000054 635
0.000118 6
0.009751 6
0.000135 85
0.000015 331
0.000010 211
0.000006 31
0.000017 6
0.000007 158
0.000050 422
0.000006 100
0.000006 151
0.000042 483
0.000005 61
0.000030 98
0.000005 171
0.000064 629
0.000037 250
0.000005 80
0.000023 32
0.000005 100
0.000036 239
0.000005 149
0.000016 203
0.000062 142
0.000017 175
0.000005 286
0.000037 265
0.000005 62
0.000040 272
0.000006 309
0.000036 29
0.000005 137
0.000007 244
0.000035 170
0.000005 92
0.000034 64
0.000105 6
0.013606 6
0.000018 90
0.000006 233
0.000039 86
0.000006 225
0.000040 12
0.000017 89
0.000077 636
0.000006 44
0.000005 155
0.000043 150
0.000005 96
0.000099 294
0.000017 597
0.000006 304
0.000024 209
0.000005 226
0.000057 600
0.000006 238
0.000055 504
0.000046 412
0.000007 276
0.000005 201
0.000050 50
0.000005 200
0.000091 374
0.000019 353
0.000116 6
0.007690 6
0.000057 245
0.000019 6
0.000009 161
0.000006 6
0.000052 51
0.000007 220
0.000048 131
0.000010 419
0.000034 230
0.000036 352
0.000007 173
0.000059 395
0.000059 405
0.000006 48
0.000065 275
0.000006 72
0.000037 199
0.000078 132
0.000006 250
0.000006 31
0.000037 314
0.000063 447
0.000044 220
0.000006 79
0.000090 709
0.000068 747
0.000006 110
0.002208 6
0.010619 6
0.000007 220
0.000082 229
0.000044 66
0.000052 219
0.000005 188
0.000018 175
0.000104 426
0.000018 75
0.000005 20
0.000005 77
0.000058 277
0.000009 228
0.000008 77
0.000008 23
0.000041 294
0.000009 174
0.000035 249
0.000006 156
0.000024 48
0.000050 275
0.000007 94
0.000013 131
0.000033 145
0.000056 170
0.000104 749
0.000007 129
0.000038 289
0.000063 106
0.000023 716
0.000019 169
0.000008 76
0.000056 249
0.000145 6
0.016993 153
0.000008 12
0.000039 155
0.000011 34
0.000087 227
0.000049 368
0.000011 178
0.000006 99
0.000020 175
0.000032 248
0.000006 154
0.000029 156
0.000006 25
0.000025 347
0.000041 294
0.000006 91
0.000005 83
0.000086 166
0.000008 612
0.000004 210
0.000035 139
0.000010 208
0.000021 82
0.000007 244
0.000035 447
0.000043 322
0.000006 146
0.000020 397
0.000005 81
0.000052 312
0.000142 6
0.211189 61
0.000008 18
0.000024 227
0.000055 18
0.000006 18
0.000050 149
0.000006 12
0.000048 138
0.000116 126
0.000074 1383
0.000011 372
0.000077 385
0.000006 163
0.000005 86
0.000006 29
0.000047 264
0.000006 188
0.000044 145
0.000006 97
0.000041 255
0.000005 103
0.000047 105
0.000006 82
0.000098 486
0.000057 906
0.000008 286
0.000044 27
0.000157 6
0.022221 33
0.000075 416
0.000074 33
0.000008 178
0.000020 82
0.000006 54
0.000041 70
0.000027 125
0.000008 65
0.000063 64
0.000020 65
0.000006 18
0.000024 29
0.000059 263
0.000823 4095
0.000038 415
0.010380 204
0.000007 31
0.000045 18
0.000078 143
0.000045 247
0.000008 6
0.000042 142
0.000005 39
0.000095 327
0.000018 504
0.000021 188
0.000016 72
0.000005 192
0.000065 478
0.000006 279
0.000006 73
0.000045 315
0.000047 461
0.000017 186
0.000015 70
0.000046 479
0.000005 187
0.000090 669
0.000017 242
0.000005 181
0.000134 6
0.010925 166
0.000038 222
0.000040 180
0.000024 18
0.000007 31
0.000033 345
0.000028 501
0.000039 331
0.000046 452
0.000042 153
0.000010 772
0.000039 34
0.000069 130
0.000006 325
0.000042 328
0.000009 80
0.000044 227
0.000012 347
0.000068 644
0.000010 97
0.000067 116
0.000091 6
0.007351 78
0.000006 167
0.000046 50
0.000067 294
0.000034 236
0.000058 43
0.000034 218
0.000033 427
0.000038 68
0.000032 333
0.000074 382
0.000018 478
0.000078 355
0.000050 332
0.000005 244
0.001021 1481
0.009518 40
0.000021 173
0.000055 33
0.000006 6
0.000081 346
0.000024 12
0.000010 57
0.000051 157
0.000055 56
0.000017 372
0.000006 231
0.000077 291
0.000007 47
0.000006 71
0.000036 121
0.000062 213
0.000007 310
0.000045 272
0.000017 30
0.000016 54
0.000047 200
0.000008 232
0.000007 20
0.000072 357
0.000008 262
0.000065 502
0.000064 187
0.000005 149
0.000006 6
0.000129 6
0.011912 161
0.000022 517
0.000044 111
0.000005 142
0.000075 95
0.000018 495
0.000005 74
0.000076 383
0.000005 65
0.000007 18
0.000047 434
0.000005 46
0.000038 217
0.000004 59
0.000028 190
0.000038 173
0.000036 162
0.000005 167
0.000039 154
0.000006 233
0.000038 285
0.000022 53
0.000007 323
0.000044 119
0.000094 6
0.015476 229
0.000010 27
0.000020 208
0.000005 85
0.000043 246
0.000033 54
0.000086 384
0.000007 76
0.000052 146
0.000020 62
0.000030 65
0.000022 59
0.000054 134
0.000054 244
0.000006 111
0.000077 309
0.000006 100
0.000004 45
0.000023 82
0.000045 297
0.000041 268
0.000005 82
0.000014 66
0.000106 258
0.000019 333
0.000006 43
0.000020 120
0.000021 123
0.000045 275
0.000005 53
0.000034 121
0.000119 6
0.026639 440
0.000038 219
0.000104 313
0.000008 205
0.000010 246
0.000060 242
0.000007 113
0.000037 65
0.000086 437
0.000007 208
0.000049 200
0.000079 391
0.000009 571
0.000045 461
0.000006 115
0.000057 196
0.000005 140
0.000039 113
0.000005 205
0.000035 70
0.000028 6
0.000106 6
0.199894 85
0.000008 12
0.001277 4095
0.000022 872
0.011723 2108
0.000244 2077
0.000011 601
0.000036 140
0.000113 6
0.010929 1505
0.000145 1296
0.000052 648
0.000029 337
0.000055 505
0.000063 368
0.000034 345
0.000117 6
0.007828 1810
0.000057 622
0.000004 60
0.000061 162
0.000005 76
0.000048 309
0.000067 258
0.000079 405
0.000104 937
0.000005 61
0.000035 273
0.000015 95
0.000037 107
0.000018 61
0.000118 6
0.009573 1235
0.000076 795
0.000163 922
0.000133 2202
0.000071 374
0.000102 6
0.012298 1964
0.000114 1535
0.000026 473
0.000037 392
0.000056 258
0.000005 210
0.000038 205
0.000064 656
0.000004 50
0.000112 6
0.013576 2346
0.000039 641
0.000407 3000
0.018982 4095
0.000039 2222
0.212801 1390
0.000947 4095
0.000088 384
0.012050 4095
0.000089 2147
0.006514 3266
0.000113 1177
0.000171 1412
0.000013 569
0.000073 6
0.010343 2934
0.000129 2023
0.000103 1557
0.000093 41
0.011252 4095
0.000026 2802
0.008337 2649
0.000208 2673
0.000037 435
0.000054 289
0.000056 268
0.000005 223
0.000024 233
0.000137 6
0.013043 1521
0.000068 436
0.020893 223
0.041960 108
0.178970 12
0.000761 3096
0.000121 502
0.009715 14
0.000129 105
0.000145 7
0.008507 14
0.000107 77
0.000041 28
0.000177 7
0.009712 21
0.000102 98
0.000229 7
0.010246 126
0.012012 126
0.010563 126
0.017289 126
0.508980 126
0.039482 126
0.160461 7
0.000079 91
0.000017 21
0.000257 7
0.201742 7
0.000031 112
0.000170 7
0.068077 14
0.000055 105
0.000161 7
0.041689 77
0.000049 42
0.000159 7
0.389716 42
0.000049 77
0.000184 7
0.026455 14
0.000056 56
0.000027 208
0.000056 24
0.000007 9
0.000033 50
0.000026 267
0.000081 500
0.000080 180
0.000017 110
0.000028 12
0.000008 6
0.024393 12
0.000065 78
0.000056 18
0.022030 13
0.000060 98
0.000015 7
0.000039 105
0.026757 14
0.000044 35
0.000296 209
0.000153 2579
0.000026 273
0.000150 6
0.023069 12
0.000094 91
0.000133 7
0.015506 35
0.000021 42
0.000043 21
0.000006 14
0.000030 7
0.000153 96
0.021938 216
0.483737 14
0.000076 105
0.000157 96
0.744158 56
0.000656 160
0.042701 7
0.000388 102
0.031580 6
0.000031 30
0.000069 24
0.000233 210
0.000015 1063
0.000120 246
0.035910 56
0.000015 21
0.000006 14
0.000048 7
0.000006 20
0.000116 105
0.272193 72
0.000009 30
0.000145 6
0.541955 42
0.000164 332
0.000536 3236
0.064437 28
0.000023 42
0.000060 49
0.000588 7
0.141444 91
0.000019 21
0.000663 14
0.053437 28
0.000013 7
0.000042 28
0.000010 35
0.000690 28
0.094426 91
0.000009 28
0.000204 7
0.260732 63
0.000009 35
0.000005 7
0.000047 14
0.000693 7
0.017089 14
0.000012 21
0.000060 42
0.000062 42
0.000177 7
0.015522 7
0.000025 14
0.000066 77
0.000052 21
0.000105 7
0.015819 14
0.000026 21
0.000022 14
0.000058 63
0.000200 6
0.017549 12
0.000010 18
0.000020 24
0.000040 48
0.000237 6
0.022835 149
0.000012 18
0.000005 150
0.000057 226
0.000877 4095
0.000067 3334
0.100648 225
0.000009 231
0.000057 230
0.000006 172
0.000068 431
0.000726 4095
0.000031 2251
0.183258 1118
0.000037 578
0.001282 28
0.000029 70
0.000039 10
0.000029 50
0.000028 71
0.000028 72
0.000028 74
0.000029 74
0.000028 73
0.000041 68
0.000029 146
0.000181 78
0.000289 80
0.000012 1147
0.000584 3371
0.020202 155
0.000043 352
0.000074 161
0.000061 352
0.000033 112
0.000015 218
0.000013 229
0.000014 211
0.000035 201
0.000005 220
0.000019 365
0.000061 532
0.000014 311
0.000106 166
0.000124 1951
0.000025 535
0.000057 400
0.000134 6
0.016285 4095
0.000025 2700
0.014495 2058
0.000178 1734
0.000086 1635
0.000005 249
0.000057 745
0.000088 337
0.000077 6
0.017156 6
0.000081 777
0.000025 237
0.000052 518
0.000027 226
0.000114 401
0.000044 344
0.000022 309
0.000041 291
0.000014 121
0.000042 507
0.000014 204
0.000109 394
0.000134 1681
0.000031 627
0.000054 426
0.000017 57
0.000148 6
0.017822 214
0.000137 251
0.000061 895
0.000127 2163
0.000071 1008
0.000064 1080
0.000088 1148
0.000016 192
0.000055 222
0.000093 6
0.027433 149
0.000724 2932
0.000123 3089
0.000008 421
0.000044 366
0.000050 10
0.000040 20
0.000146 6
0.285181 337
0.000086 584
0.000016 81
0.000043 418
0.000015 235
0.000016 306
0.000043 449
0.000018 226
0.000068 192
0.000006 209
0.000146 495
0.000152 2275
0.000018 399
0.000088 208
0.000034 119
0.000015 483
0.000141 6
0.022348 1849
0.000047 1257
0.025510 14
0.000072 28
0.000047 56
0.000014 21
0.000122 7
0.022444 14
0.000096 105
0.000153 7
0.032924 21
0.000011 7
0.000064 28
0.000025 35
0.000135 28
0.000075 7
0.044442 28
0.000041 70
0.000014 14
0.000022 7
0.000154 7
0.103491 14
0.000054 77
0.000028 28
0.000142 7
0.374138 14
0.000123 77
0.000028 28
0.000097 7
0.067887 14
0.000089 77
0.000006 14
0.000020 14
0.000126 7
0.125907 35
0.000052 83
0.000206 6
0.044718 36
0.000049 66
0.000195 118
0.028794 12
0.000070 1503
0.000027 182
0.000021 259
0.000044 315
0.000039 212
0.000029 200
0.000009 130
0.000005 60
0.000512 2528
0.040262 6
0.000041 400
0.000015 155
0.000046 220
0.000005 12
0.000014 217
0.000013 12
0.000043 104
0.000017 78
0.000016 274
0.000023 121
0.000005 127
0.000041 141
0.000013 42
0.000013 145
0.000015 236
0.000014 26
0.000040 202
0.000006 115
0.000163 1062
0.000008 358
0.000054 112
0.000057 295
0.000077 174
0.000012 85
0.000087 358
0.000067 417
0.000006 244
0.000014 141
0.000026 53
0.000125 6
0.445104 2131
0.000169 2558
0.000097 946
0.000041 833
0.000152 6
0.045245 6
0.000045 1000
0.000008 17
0.000020 9
0.000063 191
0.000049 9
0.000691 4095
0.000025 1219
0.077711 6
0.000185 679
0.000043 863
0.000021 213
0.000066 82
0.000006 83
0.000032 74
0.000039 147
0.000025 274
0.000025 401
0.000060 310
0.000017 89
0.000452 3717
0.049620 149
0.000008 6
0.000054 12
0.000033 219
0.000049 167
0.000005 6
0.000017 191
0.000020 201
0.000018 130
0.000017 234
0.000068 302
0.000023 1076
0.000017 217
0.000017 243
0.000016 67
0.000018 230
0.000014 177
0.000015 301
0.000018 191
0.000017 232
0.000018 302
0.000018 219
0.000016 252
0.000017 228
0.000017 190
0.000031 349
0.000019 323
0.000043 39
0.000016 104
0.000067 116
0.000020 340
0.000128 6
0.053128 6
0.000047 236
0.000199 296
0.000020 21
0.000019 14
0.000016 14
0.000017 14
0.000016 30
0.000017 254
0.000018 173
0.000017 181
0.000017 192
0.000017 120
0.000018 139
0.000015 156
0.000016 129
0.000017 238
0.000017 207
0.000017 87
0.000017 188
0.000017 128
0.000185 155
0.000019 71
0.082481 14
0.000072 91
0.000017 14
0.000131 7
0.374845 21
0.000055 98
0.000128 58
0.042935 178
0.033674 91
0.000071 28
0.000111 7
0.038866 42
0.000055 77
0.000116 7
0.050243 126
0.048824 119
0.000072 7
0.045350 14
0.000045 53
0.000018 18
0.000026 24
0.000157 144
0.361078 12
0.000055 42
0.000028 12
0.000007 143
0.000036 6
0.000023 18
0.000014 217
0.000017 187
0.000018 256
0.000016 144
0.000017 114
0.000017 218
0.000017 89
0.000016 101
0.000016 115
0.000017 215
0.000017 128
0.000017 214
0.000016 113
0.000017 179
0.000170 180
0.000084 241
0.104422 331
0.000010 220
0.000055 224
0.000006 217
0.000047 435
0.000007 383
0.000084 394
0.000007 38
0.000046 208
0.000007 149
0.000028 106
0.000006 86
0.000037 157
0.000006 267
0.000047 311
0.000006 16
0.000081 214
0.000110 232
0.000029 1071
0.000008 118
0.000068 795
0.000007 179
0.000044 240
0.000127 6
0.186730 457
0.000009 183
0.000064 314
0.000006 123
0.000053 233
0.000119 256
0.000038 973
0.000133 1401
0.000011 178
0.000045 217
0.000007 98
0.000059 429
0.000008 174
0.000007 92
0.000171 508
0.000026 857
0.000006 113
0.000186 6
0.080978 208
0.000010 18
0.000035 219
0.000018 213
0.000049 235
0.000007 221
0.000073 543
0.000011 415
0.000055 433
0.000007 188
0.000112 495
0.000024 743
0.000022 266
0.000009 138
0.000007 141
0.000079 564
0.000007 85
0.000028 344
0.000007 252
0.000053 421
0.000007 91
0.000046 274
0.000006 108
0.000007 86
0.000044 289
0.000184 6
0.053607 440
0.000027 624
0.000007 300
0.000047 323
0.000006 236
0.000080 411
0.000005 34
0.000053 513
0.000005 162
0.000039 140
0.000005 116
0.000025 223
0.000005 140
0.000067 483
0.000028 71
0.000095 384
0.000018 394
0.000005 85
0.000059 518
0.000006 78
0.000037 39
0.000005 149
0.000035 206
0.000005 97
0.000036 49
0.000006 246
0.000041 114
0.000123 6
0.137887 180
0.000015 320
0.000078 326
0.000006 12
0.000020 41
0.000044 290
0.000005 163
0.000044 149
0.000005 124
0.000005 50
0.000166 455
0.000028 1319
0.000007 92
0.000022 377
0.000050 173
0.000007 158
0.000008 142
0.000034 169
0.000008 426
0.000068 41
0.000007 695
0.000043 25
0.000087 452
0.000019 152
0.000096 6
0.077346 176
0.000011 159
0.000044 173
0.000014 182
0.000043 6
0.000007 268
0.000038 91
0.000006 26
0.000047 186
0.000006 142
0.000109 426
0.000006 60
0.000045 70
0.000092 385
0.000007 111
0.000062 502
0.000073 358
0.000007 140
0.000050 6
0.000142 266
0.000029 286
0.000023 183
0.000080 359
0.000006 54
0.000047 195
0.000006 220
0.000044 183
0.000006 192
0.000009 188
0.000045 330
0.000006 256
0.000042 30
0.000120 6
0.381233 6
0.000011 423
0.000061 219
0.000006 173
0.000081 461
0.000181 404
0.000038 963
0.000091 1361
0.000029 146
0.000009 52
0.000063 453
0.000008 154
0.000059 403
0.000007 56
0.000037 302
0.000113 250
0.000036 716
0.000142 6
0.063996 535
0.000117 252
0.000007 232
0.000017 231
0.000049 567
0.000006 57
0.000046 200
0.000006 82
0.000047 153
0.000007 273
0.000018 201
0.000007 304
0.000148 619
0.000013 1129
0.000106 624
0.000059 137
0.000007 262
0.000088 514
0.000007 260
0.000051 6
0.000141 6
0.220096 155
0.000009 12
0.000006 374
0.000180 179
0.000020 1059
0.000118 1544
0.000020 270
0.000039 6
0.000247 611
0.000008 206
0.000051 220
0.000088 133
0.000030 836
0.000008 92
0.000106 531
0.000141 7
0.133337 49
0.000009 14
0.000054 56
0.000143 7
0.251918 42
0.000009 21
0.000005 14
0.000051 42
0.000150 7
0.139426 91
0.000010 14
0.000033 14
0.000173 7
0.926024 119
0.000187 7
0.028647 77
0.000008 28
0.000005 14
0.000242 7
0.049538 35
0.000010 21
0.000031 35
0.000061 28
0.000139 7
0.046548 28
0.000112 70
0.000008 21
0.000200 7
0.436808 28
0.000009 35
0.000026 21
0.000100 35
0.000127 7
0.249630 103
0.000153 6
0.392164 4415
0.000016 1095
0.692972 289
0.000022 1197
0.000092 217
0.000009 346
0.000092 158
0.000007 81
0.000066 215
0.000008 50
0.000107 428
0.000008 90
0.000080 353
0.000054 202
0.000007 30
0.000065 460
0.000104 221
0.000017 419
0.000008 27
0.000074 103
0.000008 97
0.000095 557
0.000014 472
0.000056 70
0.000135 6
0.237236 220
0.000008 12
0.000010 6
0.000062 433
0.000007 18
0.000047 239
0.000020 382
0.000064 327
0.000006 34
0.000070 262
0.000007 164
0.000158 209
0.000015 684
0.000068 855
0.000020 44
0.000006 72
0.000050 226
0.000006 163
0.000073 429
0.000007 257
0.000043 25
0.000006 114
0.000042 266
0.000006 116
0.000045 125
0.000006 257
0.000041 158
0.000098 255
0.000015 284
0.000076 6
0.415088 512
0.000010 430
0.000032 75
0.000006 190
0.000070 207
0.000051 415
0.000007 185
0.000029 340
0.000007 86
0.000046 53
0.000007 374
0.000092 466
0.000007 86
0.000058 157
0.000132 205
0.000018 1782
0.000058 252
0.000007 128
0.000005 112
0.000058 382
0.000007 216
0.000029 193
0.000191 6
0.105745 27
0.000010 213
0.000070 221
0.000007 12
0.000064 168
0.000007 12
0.000088 195
0.000006 84
0.000181 337
0.000017 626
0.000125 525
0.000070 447
0.000006 48
0.000048 137
0.000007 223
0.000084 439
0.000006 142
0.000048 84
0.000006 138
0.000082 545
0.000007 124
0.000049 126
0.000169 528
0.000016 868
0.000055 108
0.000008 16
0.000162 6
0.337499 632
0.000012 161
0.000059 242
0.000023 37
0.000091 577
0.000007 50
0.000007 151
0.000006 83
0.000057 332
0.000008 185
0.000163 340
0.000021 1763
0.000008 123
0.000085 14
0.000012 181
0.000012 153
0.000061 594
0.000008 36
0.000062 360
0.000008 266
0.000055 144
0.000008 189
0.000166 6
0.047982 167
0.000143 71
0.000022 1200
0.000081 404
0.000040 203
0.000009 120
0.000039 385
0.000012 262
0.000008 34
0.000060 454
0.000007 102
0.000037 279
0.000007 52
0.000035 15
0.000010 282
0.000023 238
0.000035 63
0.000008 10
0.000069 596
0.000007 119
0.000009 296
0.000074 563
0.000007 148
0.000057 364
0.000007 128
0.000041 6
0.000145 6
0.368799 619
0.000009 296
0.000042 12
0.000086 589
0.000009 245
0.000180 181
0.000021 1640
0.000009 66
0.000087 756
0.000080 460
0.000008 246
0.000059 459
0.000008 230
0.000138 196
0.000058 866
0.000024 6
0.000163 6
0.032260 217
0.000008 12
0.000046 259
0.000075 332
0.000007 6
0.000005 183
0.000095 449
0.000007 216
0.000047 312
0.000006 39
0.000047 454
0.000005 142
0.000045 183
0.000006 155
0.000062 260
0.000021 447
0.000043 636
0.000043 72
0.000072 319
0.000033 287
0.000056 227
0.000006 10
0.000045 183
0.000006 76
0.000059 351
0.000006 32
0.000026 302
0.000006 165
0.000059 277
0.000007 188
0.000018 154
0.000152 6
0.027462 6
0.000010 207
0.000093 314
0.000023 346
0.000006 176
0.000053 223
0.000007 312
0.000009 289
0.000059 571
0.000007 203
0.000074 531
0.000008 270
0.000007 95
0.000036 71
0.000007 65
0.000033 121
0.000005 103
0.000041 463
0.000075 364
0.000008 410
0.000040 300
0.000005 113
0.000035 56
0.000016 149
0.000006 220
0.000040 381
0.000128 6
0.048698 170
0.000009 159
0.000043 215
0.000038 18
0.000078 445
0.000007 200
0.000071 453
0.000007 283
0.000047 165
0.000150 104
0.000016 954
0.000026 247
0.000054 411
0.000006 155
0.000080 482
0.000007 361
0.000054 160
0.000007 101
0.000041 162
0.000006 160
0.000065 351
0.000006 181
0.000046 293
0.000138 6
0.065187 198
0.000010 110
0.000080 448
0.000006 234
0.000057 318
0.000063 250
0.000006 15
0.000096 242
0.000007 227
0.000048 73
0.000008 74
0.000047 238
0.000104 555
0.000008 82
0.000032 153
0.000007 149
0.000005 114
0.000049 60
0.000007 151
0.000046 223
0.000080 238
0.000027 439
0.000020 23
0.000018 92
0.000064 185
0.000007 221
0.000043 170
0.000006 277
0.000018 231
0.000045 192
0.000006 232
0.000042 279
0.000006 105
0.000043 6
0.000141 6
0.997324 495
0.000011 198
0.000061 146
0.000008 90
0.000008 410
0.000253 430
0.000017 907
0.000211 2170
0.000272 1239
0.000016 424
0.000054 154
0.515293 1632
0.000073 977
0.000196 674
0.000201 2728
0.000097 447
0.000045 269
0.000122 6
0.192396 2459
0.000390 3336
0.000021 1274
0.000136 6
0.123846 1881
0.000167 2877
0.000119 732
0.000062 375
0.000008 405
0.000028 825
0.000141 6
0.074729 2063
0.000164 1149
0.000007 95
0.000054 1140
0.000029 639
0.000041 329
0.000043 327
0.000006 233
0.000044 353
0.000016 131
0.000014 113
0.000058 293
0.000005 82
0.000133 6
0.134848 1375
0.000070 1124
0.000050 414
0.000049 284
0.000016 71
0.000069 229
0.000148 440
0.000012 192
0.000099 1270
0.000057 619
0.000032 310
0.000046 163
0.000165 6
0.458014 1486
0.000196 968
0.000791 4095
0.000011 171
0.031601 160
0.000012 21
0.000005 18
0.000056 323
0.000058 478
0.000007 143
0.000045 166
0.000053 385
0.000014 473
0.000052 347
0.000006 10
0.000037 380
0.000103 257
0.000025 735
0.000005 139
0.000028 434
0.000039 236
0.000006 480
0.000037 425
0.000046 390
0.000006 292
0.000091 142
0.000073 6
0.046303 183
0.000041 12
0.000010 227
0.000134 393
0.000027 235
0.000572 4095
0.000024 1518
0.444997 6
0.000008 223
0.000064 225
0.000043 214
0.000040 209
0.000042 233
0.000122 429
0.000040 605
0.000160 258
0.000012 1046
0.002064 2799
0.049146 217
0.000098 256
0.001967 1390
0.926728 56
0.000011 35
0.000624 2797
25.593248 74
0.000724 112
29.662285 22
2.424564 37
0.019564 98
0.000653 112
184.767067 1
0.058548 1
0.840306 1
0.149706 1
0.187994 1
0.793742 1
1.013031 1
0.157641 1
0.127560 1
0.383213 1
0.209796 1
0.351275 1
17.319345 11
0.003737 68
0.000010 33
0.000403 112
34.647525 1
0.140823 1
0.658778 1
7.243507 1
3.996465 2
0.000057 382
14.314803 1
0.019977 1
0.158424 1
1.043182 1
0.171671 1
0.368004 1
0.487486 4
1.988812 1
1.571982 11
0.000187 126
14.575337 1
0.019942 1
0.683433 1
0.502460 1
4.959341 30
0.000075 126
8.428377 1
0.127676 1
0.989935 1
0.150242 1
0.532262 4
0.172894 4
0.254353 1
0.502713 1
0.134521 1
0.308334 11
0.000102 112
6.135735 1
0.944773 1
0.297787 1
0.713982 4
0.659376 4
0.412544 1
0.562369 1
0.952852 11
0.000090 12
0.000021 112
105.001065 1
0.202236 1
0.727740 1
1.426100 1
0.126379 1
0.127469 1
0.982292 1
0.112310 1
0.412615 1
1.591629 4
0.133534 4
0.142920 4
0.112633 4
0.134890 4
0.142643 4
0.141682 4
0.150746 4
0.156575 4
3.435255 1
0.195435 1
3.075674 11
0.000046 5
0.000049 12
0.000084 112
17.399215 1
0.127319 1
1.004484 1
1.020046 4
0.173012 4
0.142153 4
0.105225 1
0.127089 1
1.432460 1
1.102688 1
0.142122 1
1.501121 4
0.133387 4
0.728981 1
0.771987 4
2.490970 1
0.125571 1
4.854878 2
0.000056 14
0.000013 12
0.000079 112
7.012451 1
0.643097 4
1.020440 1
1.080299 1
8.806431 1
1.454383 11
0.000050 18
0.000116 112
5.924673 1
0.042925 1
0.405871 4
0.157465 4
0.127969 1
0.127636 1
0.126444 1
0.120398 1
4.704012 1
0.112123 1
0.802556 4
1.228262 1
0.458939 4
0.149446 4
0.135329 1
0.149348 1
0.795583 1
0.187099 1
0.112915 1
0.780170 1
0.179299 1
0.112582 1
0.300078 1
0.158823 1
0.291138 1
0.750425 11
0.000150 8
0.000047 118
2.970293 1
1.320282 1
0.442641 4
0.231033 1
0.360527 1
0.089091 11
0.000045 19
0.000073 8
0.000040 118
5.241777 1
103.885218 4
0.157131 1
6.001494 1
0.155643 1
0.307566 1
0.010639 1
0.312102 1
0.240798 4
0.150021 4
0.262633 1
2.272444 1
1.094748 1
2.649078 1
0.905487 1
0.306402 1
0.247976 1
0.570871 1
0.907306 11
0.009452 3
0.000295 8
0.000075 118
4.791634 1
0.253836 1
0.209669 1
0.389082 4
0.660571 1
0.600330 11
0.003442 102
0.000209 126
3.387893 1
0.088772 1
0.202492 1
2.317899 11
0.008597 12
0.000353 126
126.667671 1
0.148073 1
0.450982 1
0.134308 1
0.128191 1
0.172244 1
1.048951 11
0.106352 144
0.009592 126
3.755737 1
0.816523 1
0.156033 1
0.421317 1
0.150081 1
0.666729 1
0.278767 1
0.336096 1
0.136093 1
1.080130 1
0.209614 1
0.463970 1
0.607155 1
0.871533 1
1.080558 1
0.142040 1
1.012175 1
6.819150 1
2.002214 1
0.231015 1
2.214460 1
0.201022 1
0.936677 1
0.143098 1
0.224819 1
0.398126 1
0.007832 1
0.404420 4
1.305040 11
0.016914 33
5.209110 2
0.020969 50
0.048390 114
0.008362 132
0.044678 134
0.137319 217
0.001203 75
0.162829 72
0.002631 126
7.158538 1
0.275501 1
0.945610 1
0.126806 1
0.241016 1
0.180160 1
0.651895 11
0.084778 144
0.010031 126
3.709536 6
0.688311 32
0.802946 1
0.500551 1
0.029830 1
0.030412 1
0.030234 1
0.128404 1
1.215554 13
0.510301 3
0.148883 3
0.143199 3
0.142258 3
0.142718 3
0.585094 11
0.016444 50
0.015078 114
0.007559 132
0.044217 134
0.134437 217
0.000523 75
0.282933 93
0.059478 196
0.045147 210
0.007924 33
0.038055 191
0.001167 153
0.395704 16
0.030063 115
0.013735 40
0.000821 179
0.000124 216
0.000111 4
0.043214 44
0.076040 44
0.049086 44
0.045784 44
0.042517 44
0.043611 44
0.043929 44
0.045094 44
0.037888 44
0.080615 85
0.000020 99
0.005834 95
0.000030 161
0.002831 161
0.004487 67
0.034074 161
0.044192 74
0.001289 161
0.000885 161
0.001564 82
0.935645 20
1.212584 126
45.364822 1
1.986916 1
0.156350 1
1.117494 1
0.261494 1
1.412094 1
0.223184 1
0.195456 1
1.634735 1
0.142063 1
1.517014 1
1.836793 3
0.524300 3
0.419672 3
0.180404 3
0.010413 3
1.242298 7
0.457005 7
0.884527 3
0.187720 3
0.135660 3
0.838969 7
1.810380 3
1.469528 3
3.179409 3
0.089048 3
2.228613 7
0.164284 7
1.289532 3
0.218152 3
0.194100 3
0.525380 7
0.134019 7
0.900985 3
0.352238 3
0.172537 3
0.195666 3
0.621189 7
0.135982 7
0.562585 3
0.621987 7
0.300660 3
0.194872 3
0.261246 3
0.436594 7
20.167979 11
0.000066 14
0.000081 126
3.382900 1
0.328776 1
1.011333 1
0.136188 1
0.681557 1
0.210912 1
0.111890 1
0.614071 4
0.225991 1
1.298716 1
0.509478 1
0.382367 1
0.149310 1
0.352101 1
0.548455 1
2.092574 1
0.967174 4
0.959730 1
0.375944 1
0.246853 1
0.149745 1
0.217060 1
0.224953 1
2.664699 11
0.001651 2
0.000041 494
0.000327 126
128.069397 1
0.109816 1
0.285267 1
0.390210 1
1.103077 1
0.150185 1
0.321899 1
1.132730 1
0.337956 1
0.359893 4
0.373335 1
0.136417 1
0.248160 1
0.232560 1
1.393444 11
0.022218 25
0.015507 2255
6.767799 4
0.000011 77
0.000006 73
0.000040 5
0.000006 130
0.000126 81
1.566130 90
3.159265 28
0.004581 102
2.776319 1
1.085473 3
0.353603 2
0.003694 25
0.017108 3236
1.367692 4
0.000077 989
0.694566 91
1.182442 28
0.001819 126
7.358899 1
148.503751 4
1.206760 1
0.088659 1
0.270045 1
0.269906 1
0.374907 1
0.225329 11
0.001280 11
0.000234 8
0.000024 118
1.962712 1
0.217379 1
0.472102 4
0.217674 1
0.127115 1
0.203538 1
0.210116 1
1.283233 1
0.171285 4
0.120607 4
0.134718 4
0.914957 1
1.200292 1
0.142643 1
1.440948 4
0.156548 4
0.157344 4
0.127148 4
0.225230 4
1.703296 1
0.185959 1
1.124800 1
0.578467 1
0.029118 4
0.473023 4
0.870570 1
0.359966 1
0.547282 1
3.466039 1
0.140661 1
0.923916 11
0.003713 30
0.000189 8
0.000085 118
2.201966 8
1.055968 4
29.819997 1
0.780094 11
0.001460 7
0.002941 126
34.774641 8
1.071426 4
0.495794 1
1.702989 11
0.003076 134
4.032039 8
0.914129 4
0.427242 1
0.195357 2
0.000048 9
0.002169 150
0.001424 126
16.730613 1
38.249710 4
1.992824 81
15.210756 208
0.499611 4
0.031237 4
0.029732 4
0.030128 4
0.030252 4
0.029613 4
0.030283 4
0.029588 4
0.029930 4
0.030032 4
0.030125 4
0.030360 4
0.029625 4
0.029960 4
0.030047 4
0.030161 4
0.030190 4
0.029651 4
0.029388 4
0.030537 4
0.030779 4
0.029914 4
0.029148 4
0.029992 4
0.029426 4
0.030983 4
0.030181 4
0.029575 4
0.030122 4
0.030272 4
0.030767 4
0.029094 4
0.029837 4
0.029967 4
0.029546 4
0.031243 4
0.029321 4
0.030071 4
0.029500 4
0.030847 4
0.029405 4
0.040164 4
0.020801 4
0.028601 4
0.031207 4
0.029819 4
0.030018 4
0.030389 4
0.029588 4
0.028773 4
0.031483 4
0.544108 4
0.333117 4
0.500494 4
0.029990 4
0.030609 4
0.029279 4
0.030201 4
0.030161 4
0.029914 4
0.030126 4
0.029942 4
0.029890 1
0.029802 1
0.029994 1
0.030376 1
0.030421 1
0.028914 1
0.031104 1
0.028907 1
0.030207 1
0.029422 1
2.856225 45
0.000042 55
8.580223 89
0.148092 4
0.187642 4
0.149601 4
0.142384 4
0.150514 4
0.127656 4
0.135021 4
0.128449 4
0.147672 4
0.143683 4
0.142218 4
0.142837 4
0.157408 4
0.172382 4
0.277724 4
0.179588 4
0.178913 4
0.316765 4
0.246328 4
1.299487 1
0.103246 1
0.127949 1
0.134959 1
0.142274 1
0.127812 1
0.142096 1
0.150269 1
0.142085 1
0.150235 1
0.149759 1
0.143208 1
0.156941 1
0.150534 1
0.697360 1
0.157087 1
0.150838 1
0.148270 1
0.157725 1
0.142640 1
0.158513 1
0.149758 1
0.157272 1
0.420419 1
0.405889 1
0.665742 505
0.659930 1
0.691095 3
0.344842 5
0.149405 5
0.156830 5
0.149800 5
0.136302 5
0.134662 5
0.134952 5
0.142989 5
0.149409 5
0.143210 5
0.148542 5
0.121171 5
0.149862 5
0.142665 5
0.157321 5
3.931283 5
3.201967 3
0.500852 3
0.029937 3
0.030340 3
0.028929 3
0.030474 3
0.029989 3
0.030056 3
0.029633 3
0.029829 3
0.181747 3
0.165598 3
0.157261 3
0.156456 3
0.143037 3
0.157519 3
0.360563 3
0.163749 3
0.143802 3
0.149563 3
0.149646 3
0.142321 3
0.149977 3
0.142528 3
0.210208 3
0.360768 4
0.149656 4
0.149281 4
0.172554 4
0.149919 4
0.105761 4
0.157235 4
0.141562 4
0.120904 4
0.120476 4
0.149937 4
0.261776 4
0.127450 4
0.105538 4
0.329874 4
0.172221 4
0.928784 4
0.209872 4
0.165443 4
0.157321 4
0.164936 4
0.500025 4
0.030510 4
0.030207 4
0.029856 4
0.029818 4
0.062461 4
0.158823 4
6.571578 1
0.680486 4
0.675165 1
0.885273 4
0.352295 1
3.976191 11
0.000999 10
0.000368 126
2.826180 16
1.687613 4
0.500158 4
0.030279 4
0.030025 4
0.030327 4
0.030111 4
0.029386 4
0.030293 4
0.030006 4
0.029818 4
0.030070 4
0.030585 4
0.029017 4
0.030067 4
0.030331 4
0.029599 4
0.030405 1
0.030718 1
0.028931 1
0.030073 1
0.030477 1
0.030659 1
6.051123 34
2.289834 61
0.001160 17
0.000047 2
0.000408 126
34.250014 2
1.147595 5
0.172638 1
0.156644 1
0.134379 1
1.009090 81
2.547343 1
0.000009 205
0.306426 1
0.817093 2
0.000082 9
0.004002 52
0.000056 8
0.000027 118
52.271408 43
2.770224 79
0.001704 20
0.001591 10
0.000347 126
16.631613 1
0.267321 1
0.211333 1
2.918850 11
0.001634 184
0.000116 26
0.000213 8
0.000007 118
73.729239 1
0.216532 1
0.165232 1
7.659560 1
1.379004 1
0.607532 1
0.254785 1
1.477322 1
0.591235 1
0.022405 1
0.482186 4
0.276473 4
0.765115 1
1.328577 2
0.000066 9
0.002555 477
0.001162 8
0.000053 118
25.954115 9
1.040924 4
0.157717 4
0.157523 4
2.163412 4
1.311306 1
0.912251 1
0.712736 1
0.314479 1
0.975524 4
0.172199 4
0.248268 4
0.899883 1
0.201849 1
0.277656 1
0.300313 1
0.254744 2
0.000043 9
0.002099 477
0.001436 8
0.000057 118
38.972904 17
0.826905 27
0.002695 477
0.000200 126
39.050201 1
0.314018 1
0.376233 1
1.078960 1
1.306306 1
1.837389 1
2.377785 4
4.447452 1
0.793987 1
0.600107 1
0.216370 1
0.202986 1
0.659531 4
0.210819 1
0.794965 1
1.162257 11
0.002504 212
0.000180 8
0.000047 118
11.890781 1
8.393698 4
12.533298 1
0.366852 1
0.173416 1
1.222268 1
0.351649 1
0.338753 1
0.306707 1
0.967985 1
0.516955 11
0.001975 1238
0.000026 608
0.000239 606
0.000099 126
44.106330 1
0.854841 1
0.397159 1
0.172604 1
1.418505 1
0.494599 1
26.474651 1
0.142507 1
0.135203 1
0.134944 1
0.127272 1
0.134667 1
0.164984 1
1.012810 5
0.412786 1
0.179651 1
0.134256 1
0.548678 3
0.134572 3
0.142523 3
0.149783 3
0.127618 3
0.134274 3
1.027343 11
0.001912 205
0.000356 8
0.000028 118
104.371481 1
0.223511 1
1.867197 1
0.239512 1
0.578389 1
3.075486 1
2.780871 1
1.388512 1
3.601219 11
0.001737 3
0.000008 2
0.000360 8
0.000029 118
18.304398 1
0.321760 1
0.225258 1
0.120419 1
0.208682 1
0.490096 4
0.162977 4
0.419865 1
1.291425 1
0.899687 1
0.186345 1
9.450409 1
1.522496 1
0.749962 1
0.247154 1
1.215429 1
0.165217 1
0.689941 4
0.487618 1
0.900431 11
0.003187 56
0.000167 126
2.570152 13
1.153206 1
0.142495 1
0.164873 1
0.442973 1
1.049581 1
0.742505 11
1.793557 13
0.561548 11
0.382944 11
0.389423 11
0.134894 11
1.928169 11
0.001546 720
0.000151 1056
0.000010 676
0.116884 481
0.010764 126
8.127866 19
0.719854 1
0.172363 1
0.172363 1
0.164992 1
0.158258 1
0.149780 1
0.764685 3
0.413120 15
0.756982 11
0.002774 2452
0.001732 1238
0.000009 400
0.000037 406
0.000029 408
0.000424 126
40.196000 1
1.964875 1
0.149554 1
0.262773 1
0.524582 4
0.742203 1
0.195172 1
1.935107 1
0.277380 1
0.179839 1
7.914522 1
0.831564 4
0.336721 1
0.247229 1
1.117648 1
0.629953 3
0.501588 3
0.028830 3
0.029326 3
0.031654 3
0.028520 3
0.031266 3
0.029225 3
0.029537 3
0.031251 3
0.029146 3
0.030605 3
0.030141 3
0.029657 3
0.029370 3
0.029956 3
0.029983 3
0.029942 3
0.030218 3
0.030369 3
0.029719 3
0.030413 3
0.030152 3
0.030726 3
0.029475 3
0.028814 3
0.030690 3
0.030046 3
0.029736 3
0.030286 3
0.030434 3
0.029591 3
0.030207 3
0.030026 3
0.029897 3
0.029231 3
0.030448 3
0.030473 3
0.030431 3
0.029518 3
0.030376 3
0.028989 3
0.030032 3
0.029646 3
0.031509 3
0.029663 3
0.029247 3
0.029455 3
0.031248 3
0.028561 3
0.031428 3
0.029043 3
0.030105 3
0.029934 3
0.030047 3
0.030031 3
0.030246 3
0.030115 3
0.030337 3
0.029854 3
0.030664 3
0.028580 3
1.028889 7
1.712315 3
1.394980 1
1.558920 1
0.134605 1
2.380152 3
0.815098 1
5.062813 1
0.239403 1
1.147954 1
0.247234 1
0.540120 1
12.600304 4
0.517260 1
1.395897 1
0.492878 1
1.411476 1
2.488600 1
0.158301 1
10.061957 80
2.307570 106
0.500558 1
0.030216 1
0.030651 1
0.029398 1
0.030545 1
0.029411 1
0.030473 1
0.029847 1
0.029678 1
0.030331 1
0.028736 1
0.031576 1
0.029013 1
0.030074 1
0.029964 1
0.029934 1
0.030189 1
0.030074 1
0.030352 1
0.028737 1
0.031278 1
0.028929 1
0.030170 1
0.029626 1
0.030919 1
0.029866 1
0.030225 1
0.029979 1
0.029963 1
0.029911 1
0.029792 1
0.029707 1
0.036672 1
0.023695 1
0.029997 1
0.030126 1
0.030074 1
0.029763 1
0.030317 1
0.029763 1
0.030135 1
0.029929 1
0.030131 1
0.030328 1
0.029119 1
0.029832 1
0.030707 1
0.030724 1
0.029293 1
0.030189 1
0.029513 1
0.030502 1
0.029221 1
0.030296 1
0.030099 1
0.030361 1
0.029028 1
0.030156 1
0.029895 1
0.031289 1
0.029116 1
0.030240 1
0.030142 1
0.029000 1
0.031103 1
0.028673 1
0.031075 1
0.030018 1
0.030066 1
0.030542 1
0.029032 1
0.586256 3
0.561986 5
21.999339 1
0.649975 3
0.210961 3
0.195422 3
0.156692 3
0.540690 3
0.500086 3
0.031403 3
0.028996 3
0.030166 3
0.030213 3
0.029839 3
0.029947 3
0.029952 3
0.030054 3
0.030006 3
0.029923 3
0.029869 3
0.029858 3
0.030257 3
0.029904 3
0.029801 3
0.030368 3
0.029820 3
0.029893 3
0.029907 3
0.029874 3
0.030162 3
0.029958 3
0.029952 3
0.030383 3
0.030057 3
0.030476 3
0.028718 3
0.031074 3
0.029235 3
0.029996 3
0.029636 3
0.030925 3
0.029974 3
0.030060 3
0.029942 3
0.029987 3
0.029724 3
0.029878 3
0.030505 3
0.030468 3
0.028990 3
0.030294 3
0.029947 3
0.030027 3
0.030451 3
0.029473 3
0.029939 3
0.030062 3
0.029834 3
0.030337 3
0.030271 3
0.028629 3
0.030937 3
0.030055 3
0.030393 3
0.029849 3
0.030246 3
0.028829 3
0.030294 3
0.030103 3
0.241823 1
0.500673 1
0.029820 1
0.030534 1
0.029447 1
0.029417 1
0.030447 1
0.029955 1
0.030087 1
0.029960 1
0.029952 1
0.029925 1
0.030183 1
0.029778 1
0.029788 1
0.030472 1
0.029913 1
0.030042 1
0.030215 1
0.030459 1
0.029308 1
0.029905 1
0.030177 1
0.030194 1
0.029601 1
0.029586 1
0.031089 1
0.030451 1
0.029255 1
0.029827 1
0.029956 1
0.030690 1
0.029213 1
0.030447 1
0.029793 1
0.029752 1
0.030066 1
0.029838 1
0.029941 1
0.029978 1
0.030188 1
0.029867 1
0.029834 1
0.029974 1
0.029822 1
0.031251 1
0.028842 1
0.030710 1
0.030312 1
0.029547 1
0.212243 1
0.172467 1
0.165189 1
0.149295 1
0.225896 1
0.194422 1
2.484031 130
0.335973 133
0.382529 136
0.210477 139
0.201606 142
0.172475 145
3.760020 1
0.501109 1
0.028831 1
0.031342 1
0.029014 1
0.030227 1
0.030498 1
0.030548 1
0.029036 1
0.030697 1
0.029170 1
0.030433 1
0.030252 1
0.029037 1
0.030527 1
0.029989 1
0.030232 1
0.030548 1
0.028919 1
0.030651 1
0.029937 1
0.030080 1
0.029034 1
0.031017 1
0.029181 1
0.030337 1
0.030366 1
0.029810 357
0.030021 1
0.029262 1
0.029823 1
0.031595 1
0.029086 1
0.030036 1
0.030052 1
0.030269 1
0.030115 1
0.029002 1
0.300772 3
0.157158 3
0.149338 3
0.157900 3
0.323551 3
0.426357 3
0.322811 1
1.741031 344
0.133926 346
0.157313 348
0.195569 353
1.478430 352
1.485137 349
0.231365 350
0.261236 345
0.278497 343
0.540647 341
0.816419 3
0.915303 346
0.105197 348
0.156506 350
0.120777 355
0.134724 8
3.878800 5
4.296798 2
0.000049 9
0.000125 69
0.001617 830
0.000009 408
0.000053 606
0.000122 402
0.000013 206
0.000302 69
0.000097 8
0.000039 118
176.781662 28
0.000020 1
2.049020 4
0.891063 1
0.500985 1
0.029043 1
0.030392 1
0.030231 1
0.030158 1
0.030264 1
0.029165 1
0.030113 1
0.030074 1
0.029693 1
0.029862 1
0.030036 1
0.029873 1
0.030090 1
0.030105 1
0.030309 1
0.030225 1
0.030344 1
0.028678 1
0.031406 1
1.044583 3
0.478635 5
0.321834 5
0.157918 5
0.126632 5
0.151417 5
0.141701 6
0.151356 1
0.156107 1
62.590207 1
0.523366 3
0.277960 3
0.156796 3
0.141974 3
0.135733 3
0.127378 3
0.127610 3
0.135279 3
0.134720 3
0.142443 3
0.157612 3
0.082298 3
0.157893 3
0.330587 3
0.794651 17
0.164445 17
0.105066 17
0.111862 17
0.151088 17
0.119123 17
0.128549 17
0.419826 17
1.298283 13
0.171558 13
0.697843 13
0.142466 13
19.088177 2
0.000044 9
0.009771 57
0.000327 8
0.000059 118
7.655520 16
3.013449 4
0.113095 4
0.150020 4
0.232099 4
0.262069 4
23.919763 1
0.358265 1
0.389863 1
0.907638 1
1.328442 4
0.786302 1
1.597535 1
0.967662 2
0.000094 9
0.002350 183
2.638889 16
0.612616 1
0.195627 1
0.157619 1
0.149355 1
0.158829 1
1.696276 11
0.117808 11
1.276605 11
0.928791 11
1.296747 11
0.001836 57
0.000353 126
91.148463 1
0.598676 1
0.149489 1
0.606300 11
0.001638 55
0.000229 47
0.000364 126
57.675394 1
0.133828 1
1.448791 1
0.673315 1
0.338422 1
0.156026 1
7.142490 1
3.269770 1
0.126538 1
0.599818 1
0.749974 1
1.621661 1
0.125339 1
0.495335 1
0.427292 1
1.719835 1
0.657009 11
0.012339 76
0.000360 8
0.000041 118
16.241255 1
0.224515 1
0.547819 1
0.164118 1
0.232806 1
2.626050 1
0.495000 1
0.164557 1
0.524552 1
0.465214 1
0.420170 4
0.104037 1
0.225466 1
0.383238 4
0.164107 1
3.368949 1
0.179161 1
0.682036 1
0.134532 1
0.570524 1
13.261117 1
0.051556 1
1.147333 1
1.446945 1
0.495787 1
0.404709 11
0.008402 33
4.296891 2
0.009548 39
0.001948 8
0.000030 118
4.804789 21
1.680113 4
0.148851 4
0.471796 4
0.171926 4
0.181341 4
5.656926 1
0.088301 1
0.210423 1
0.658657 11
0.012675 37
0.001523 126
19.487525 1
0.576543 1
0.164419 1
1.051289 1
0.216625 1
0.112563 2
0.000043 9
4.426247 4
1.123948 3
0.164672 3
0.149302 6
2.844432 4
0.306727 4
0.232486 4
0.471888 3
0.157594 3
0.142404 1
0.000009 5
0.135583 3
0.134008 3
0.112821 6
0.135411 3
0.134339 3
0.128639 6
0.373571 2
0.383590 2
0.231540 6
0.150893 6
25.363859 2
0.001655 128
4.664291 1
0.479180 1
0.172504 1
1.283684 1
0.516878 1
2.497875 11
0.113748 299
0.012008 126
3.865146 5
1.513812 1
0.187072 2
0.000949 9
0.009244 47
0.000335 126
19.715364 1
0.127478 1
0.375354 11
0.002835 125
0.000463 126
20.411491 1
3.894513 1
0.132810 1
6.324899 1
0.208419 1
0.247368 1
1.543821 1
1.064777 1
0.173713 1
0.367097 1
2.708713 11
0.007654 14
5.053584 2
1.000853 40
0.001400 126
7.548594 10
1.072377 11
0.004035 14
7.149434 2
1.000859 40
0.000776 126
16.933664 99
2.878213 214
0.013192 126
18.340975 1
2.301353 25
2.212669 11
0.013029 126
20.651880 29
2.091373 41
0.011913 1
0.135531 1
0.157980 1
0.172796 1
0.157262 1
0.165217 1
0.442426 1
0.636523 3
0.578493 17
0.171934 17
0.142989 17
0.112602 17
0.119258 17
0.136238 17
0.119458 17
0.142819 17
1.094709 13
0.779076 13
1.073348 13
0.149480 13
1.292989 11
0.001915 57
0.000337 126
34.308827 2
0.202029 1
0.276450 1
0.494404 1
1.674161 1
0.283909 1
0.698719 4
0.238406 11
0.002687 126
3.247228 1
0.193710 1
0.757476 1
0.157518 1
0.202432 1
2.422988 1
0.307279 1
0.156676 1
0.300613 1
0.337612 1
0.802246 1
8.918639 1
2.863931 1
0.621643 1
0.563676 1
0.501566 1
2.410949 11
13.482826 2
0.002182 126
45.297078 2
1.027675 5
0.180661 1
0.118852 1
2.577241 13
2.134622 19
0.001950 6
0.001411 126
5.277749 4
0.823786 1
0.508484 1
1.996990 11
0.001980 126
2.525398 6
0.905888 5
0.802452 11
0.001346 8
0.000422 126
60.179948 1
0.179227 1
0.180341 1
0.269837 1
0.637311 11
0.099965 141
0.012445 126
7.959491 1
0.088594 1
0.478681 1
0.136266 1
0.232785 1
0.831275 1
0.194877 1
0.345894 1
0.480056 1
1.079536 1
0.232984 1
0.757038 1
0.614462 1
0.338981 1
0.313777 1
0.142924 1
0.240374 1
2.610706 1
0.126171 1
0.224905 1
0.261965 1
0.698159 1
0.773221 1
0.127071 1
0.314878 1
0.337062 1
4.074296 11
0.018230 50
0.023779 114
0.008200 132
0.044237 134
0.133408 217
0.000792 75
0.209237 97
0.000604 119
0.000503 41
0.001765 240
0.103102 79
0.000977 119
0.000940 49
0.000036 2
0.062462 197
0.048673 208
0.001932 43
1.801679 1
0.515801 3
1.484933 2
0.742066 2
0.009894 33
0.129447 170
0.010021 68
0.012843 177
0.133659 449
0.006634 269
0.501023 58
0.352028 153
0.000048 247
0.000239 303
0.004514 266
0.041804 307
0.000606 333
0.149074 260
0.000071 90
0.013243 206
0.056502 300
0.014129 151
0.323584 70
0.045490 325
0.001366 3799
8.492772 125
0.734805 65
0.068887 16
0.027181 118
0.009503 40
0.000106 399
0.004255 44
0.020927 44
0.009593 44
0.003717 44
0.001912 44
0.002194 44
0.002297 44
0.004797 44
0.011092 44
0.036913 184
0.005424 89
0.000811 161
0.000900 161
0.002291 66
0.015982 161
0.023427 71
0.017556 250
0.173389 60
0.087665 161
0.019920 76
0.018193 101
0.000069 64
0.000147 97
0.000914 74
0.010896 161
0.018120 76
0.017101 92
0.000137 161
0.001201 67
0.018186 161
0.018665 84
0.017811 96
0.000131 161
0.001092 73
0.402037 161
0.021041 81
0.018038 252
0.001042 68
0.011860 161
0.021597 78
0.017074 88
0.000117 161
0.001131 65
0.012237 161
0.016753 80
0.016455 262
0.002134 78
0.016374 161
0.016868 80
0.016452 101
0.000012 161
0.001181 72
0.037560 161
0.021858 76
0.017932 94
0.000075 161
0.013787 67
0.014517 161
0.022696 86
0.017670 108
0.000011 161
0.001221 85
0.055411 161
0.018736 76
0.018241 96
0.000397 64
0.000087 97
0.001033 73
0.024256 161
0.016544 86
0.018986 264
0.000930 78
0.032266 161
0.018801 73
0.017160 96
0.000120 161
0.001143 65
0.023382 161
0.041414 74
0.003878 161
0.022512 182
0.001403 161
0.000926 92
0.000972 161
0.000834 161
0.000853 80
0.000922 161
0.000836 161
0.000837 72
0.000850 161
0.000776 161
0.000819 79
0.000878 161
0.000836 161
0.000727 75
0.002013 161
0.000800 161
0.000771 74
0.000911 161
0.000882 161
0.000821 85
0.000966 161
0.000935 161
0.000780 73
0.000914 161
0.002427 161
0.002968 81
0.000917 161
0.000860 161
0.000934 80
0.000919 161
0.002277 161
0.000975 67
0.015417 161
0.177448 78
0.005067 69
0.058190 80
0.003773 100
0.002901 120
0.025739 87
0.033274 38
0.042294 78
0.004129 70
0.041213 43
0.009312 324
1.734659 123
3.390877 161
0.001618 85
0.000972 161
0.000979 161
0.000842 72
0.001001 161
0.003906 170
0.003191 173
0.003213 185
0.002890 185
0.005160 182
0.003261 182
0.002839 175
0.001917 161
0.001994 86
0.184550 73
0.066930 82
0.921395 85
0.269948 20
1.022756 126
8.891878 1
0.103745 1
0.134226 1
0.473163 1
0.720059 11
0.020245 165
0.001149 126
29.371987 1
0.425824 1
0.900792 11
0.003132 2
5.337949 1
0.329379 1
0.194070 1
0.262887 1
1.184643 2
0.000423 126
36.989821 1
0.165245 1
0.412772 11
0.032778 93
0.000677 126
172.209669 1
95.540777 4
0.163186 1
10.096428 1
0.217232 1
0.470845 1
0.352862 1
1.080567 1
0.119445 1
0.473313 1
1.793453 1
1.754212 2
0.000070 9
0.002009 1844
0.000142 472
0.000066 136
0.000379 126
3.142405 1
166.886183 1
1.825389 4
0.163277 4
0.149333 1
7.585045 1
2.425466 4
113.773079 1
0.275731 1
1.290358 1
0.151613 1
1.798744 11
0.000112 6
