0.034632 233
137.623600 1
0.191966 1
1.273834 1
0.153320 1
0.237462 1
0.185203 4
0.579078 1
1.800939 1
0.286416 1
0.259546 1
0.169640 1
0.384325 1
0.822791 1
0.154244 1
0.396948 1
1.498985 1
0.379678 1
0.353518 1
3.857156 1
0.170976 1
0.154105 1
2.694065 1
0.197381 1
0.180030 1
0.136356 1
1.218498 4
1.378739 1
0.872347 4
0.453649 1
0.183525 1
1.973486 4
26.217716 1
0.695707 1
1.386486 1
3.424502 1
0.896350 1
2.687814 1
1.820532 1
0.182007 1
4.314817 1
2.116671 1
0.156256 1
0.349982 1
1.030128 3
0.153697 3
0.270560 3
0.220788 3
26.940964 7
0.280088 7
0.203217 7
0.294377 7
0.307116 7
0.378974 7
0.823203 3
0.270570 4
3.511611 1
0.103837 1
0.280432 1
1.086188 1
2.222885 1
1.797388 1
0.112449 1
1.306583 1
0.898374 1
0.485341 1
0.900572 4
0.139738 4
0.864746 4
0.791788 1
1.376548 1
0.135106 1
6.002994 1
0.500369 1
0.030231 1
0.030346 1
0.031046 1
0.029269 1
0.030401 1
0.029500 1
0.029247 1
0.030286 1
0.030306 1
0.030436 1
0.029422 1
0.030627 1
0.029728 1
0.030254 1
0.030345 1
0.028551 1
0.030306 1
0.030283 1
0.030286 1
0.029599 1
0.029805 1
0.030624 1
0.167075 1
22.275065 1
0.533674 1
0.952323 3
0.555578 5
0.201888 5
0.270655 5
28.573073 11
0.057048 33
6.347126 2
0.120911 233
148.605685 2
0.000396 27
0.580167 1
0.556361 3
0.257783 4
0.423550 1
0.500355 1
0.030880 1
0.029176 1
0.030475 1
0.029098 1
0.030382 1
0.031159 1
0.029369 1
0.029834 1
0.029044 1
0.030740 1
0.029747 1
0.030486 1
0.029069 1
0.029785 1
0.031717 1
0.029354 1
0.110083 1
0.001814 1
0.000493 1
0.018257 1
0.371528 3
0.254470 3
0.630754 5
0.185701 5
0.143491 5
0.143352 5
0.138071 5
0.309018 6
0.151738 1
0.951992 11
0.197472 71
0.010505 54
0.010244 77
0.043908 72
0.161523 80
0.010724 66
0.038863 25
13.495340 2
0.014358 190
10.477291 89
19.485653 130
0.000078 62
11.079758 2
0.075980 54
0.018864 235
23.264935 4
1.518838 3
0.309727 3
0.150177 6
2.023786 1
0.597670 3
0.905823 2
0.000637 31
0.730498 37
0.412244 2
0.000145 37
0.390891 20
0.550830 2
0.027029 60
2.579375 1
0.956699 2
0.000673 76
0.010789 97
0.053864 8
0.000138 225
110.826505 27
4.935384 36
0.000123 9
0.033210 25
22.202055 2
0.000122 188
17.178421 89
8.496068 2
0.000224 188
9.478669 2
0.060372 54
0.006668 220
0.000019 13
82.199251 1
0.123718 1
0.515104 1
1.772223 1
0.350241 1
1.499604 1
0.155141 1
0.132366 1
0.398380 1
0.299855 1
2.778028 4
1.641658 1
0.167293 1
0.442498 11
0.023069 14
11.875666 2
0.117232 97
0.000139 58
0.036680 2
74.330299 1
0.241022 1
0.922390 1
1.064665 1
0.711381 1
0.514453 1
0.201974 2
0.008966 69
7.982790 2
0.096994 25
40.106895 2
0.000350 158
14.425272 160
10.625811 135
2.213460 165
0.002001 2
7.719910 1
0.117814 1
0.191345 1
0.151847 1
1.553625 1
0.425421 1
0.153751 2
0.009318 69
7.454691 2
0.091359 25
19.852405 2
0.000535 158
4.831682 160
3.062128 135
2.214265 165
0.002213 2
51.322225 4
1.082958 3
0.351500 3
0.143507 6
0.640356 1
0.000128 3
0.409051 4
0.486887 3
0.194370 3
0.197659 6
0.136656 3
0.154906 3
0.064750 6
0.613226 4
0.757920 3
0.151025 3
0.128701 6
1.469070 1
0.119604 1
0.188617 1
0.146180 1
1.477983 1
0.448682 1
0.152166 2
0.010386 40
0.000127 29
15.731193 2
0.100349 29
9.395049 2
2.138237 150
0.002336 2
7.581465 1
0.129758 1
0.229725 1
0.168031 1
1.188415 1
0.490294 1
0.512071 2
0.009406 69
7.324211 2
0.092291 25
11.835725 2
0.000448 158
38.046683 2
0.016579 55
9.947750 2
0.140216 54
0.001936 2
32.192493 1
0.241499 1
0.214858 1
0.680381 3
0.715505 1
0.130286 1
0.870803 2
0.005309 8
0.000180 225
58.125344 1
0.361188 1
1.199789 1
0.191429 1
0.592252 4
0.661310 1
0.174493 1
2.244872 1
0.153719 1
0.774549 1
0.606593 1
0.219255 1
0.439998 4
0.122909 1
0.658495 1
3.127065 1
1.933601 4
0.177477 4
0.490326 4
0.148095 4
0.152202 4
0.141752 4
0.141502 4
0.205342 4
0.192824 4
0.248631 4
0.127316 4
0.238358 4
0.643561 1
0.121563 1
0.288233 1
0.218681 1
1.875148 1
0.136495 1
0.135803 1
1.035905 1
0.464980 1
2.504504 2
0.000165 9
0.115324 25
0.072857 320
0.000033 988
2.307368 523
0.052440 487
0.000071 205
0.078525 33
0.000021 245
0.001514 271
0.076674 432
0.992866 487
0.045891 394
0.038953 315
0.000046 148
0.738077 443
0.010260 573
0.023605 498
0.011202 277
0.000017 112
0.018063 216
0.000205 277
0.008314 180
0.000019 282
0.000137 73
0.012503 310
0.000018 153
0.013372 427
0.000022 156
0.014883 338
0.000162 174
0.023912 242
0.000051 165
0.053234 521
0.084114 462
0.235500 229
0.000019 289
0.010663 416
0.000365 75
0.007637 528
0.016602 248
0.000020 193
0.010309 484
0.012482 469
0.013435 562
0.015264 238
0.000019 2
0.000137 258
0.012471 409
0.017202 436
0.008018 447
0.023784 450
0.016982 448
0.013793 144
0.000039 94
0.000428 130
0.014829 240
0.000020 140
0.015159 385
0.015501 399
0.015070 145
0.000024 147
0.000015 125
0.015594 433
0.015128 33
0.000081 88
0.000169 33
0.000097 88
0.000023 121
0.020869 121
0.000112 242
0.008972 363
0.017494 33
0.000178 330
0.013865 154
0.000014 121
0.000103 88
0.015365 33
0.000045 330
0.015075 154
0.000113 209
0.015853 363
0.014554 154
0.000233 209
0.163985 121
0.000051 242
0.037822 363
0.095860 363
0.010699 363
0.008319 275
0.000026 88
0.014122 275
0.000077 88
0.012023 242
0.000028 121
0.013103 121
0.000042 242
0.012990 363
0.013175 363
0.012634 275
0.000069 88
0.013636 121
0.000124 242
0.011508 363
0.022066 363
0.021453 275
0.000015 88
0.088209 726
0.000106 121
0.000181 605
0.004021 154
0.000293 209
0.015954 363
0.015191 275
0.000024 88
0.014834 154
0.000044 209
0.015933 363
0.015750 363
0.015598 275
0.000022 88
0.015134 363
0.015144 363
0.031701 242
0.000033 121
0.030695 363
0.045996 363
3.819003 28
0.034151 233
3.414430 1
0.170435 1
0.268915 1
0.262471 1
0.315938 1
1.059881 1
0.182600 1
0.113901 1
1.429559 1
0.250670 1
0.265023 1
2.285466 1
0.696909 1
1.839099 1
0.733420 1
0.161430 1
0.811053 1
0.515685 1
0.416126 1
1.962151 1
0.514319 1
0.900580 1
0.369821 1
0.310047 1
1.868398 1
0.840485 1
0.203523 1
0.201814 1
0.897726 1
0.187201 1
0.241578 1
2.834510 11
0.054461 233
9.166172 1
6.257254 4
47.928368 1
0.124281 1
6.625924 1
0.162104 1
0.192369 1
2.172310 1
0.194008 1
2.054440 1
0.202974 1
0.368402 1
0.801002 1
0.161163 1
0.215853 1
0.465655 1
0.168487 1
0.405157 1
13.476142 11
0.035565 234
1.322568 1
1.252855 33
0.979882 1
0.511217 2
0.000178 35
0.481325 1
0.382444 2
0.000029 37
0.864914 1
0.384192 20
0.719564 1
0.425596 2
0.025017 233
100.096625 37
3.058968 55
0.146538 233
32.143949 1
1.018333 1
0.150484 1
0.857784 1
0.164956 1
0.305820 1
0.269180 1
0.290875 1
2.563649 11
0.009860 60
0.001164 8
0.000187 225
195.721235 1
0.086254 1
1.323917 1
0.163032 1
0.213521 1
3.197678 1
0.218752 1
0.215373 1
0.197470 1
0.429983 1
0.542075 1
0.187426 1
1.310044 4
0.868908 1
0.181426 1
2.009391 1
0.254817 1
0.258018 1
6.621267 1
1.455936 1
0.060561 1
0.260638 1
0.349158 1
0.984713 1
1.577739 1
1.890082 1
0.160537 1
0.219783 1
0.292429 1
0.683862 1
3.627876 1
1.080898 4
0.210839 1
1.345702 1
0.933393 1
0.161573 1
0.213226 1
0.517758 1
4.208126 11
0.110863 233
3.920252 1
1.844591 4
32.146789 29
1.946933 47
0.068028 233
34.158163 38
6.138629 56
0.068785 233
30.610385 37
4.184414 55
0.058349 233
38.255517 40
7.812794 58
0.033580 73
0.005428 8
0.000075 225
80.658095 1
0.136082 1
0.612206 1
0.146086 1
0.230907 1
1.126270 1
0.149518 1
0.217413 1
0.185518 1
1.673706 1
0.283129 1
0.147552 1
0.183616 1
0.832941 1
0.283886 1
0.560202 1
0.451519 1
0.500962 1
0.241583 1
0.266643 1
6.874364 11
0.116967 233
2.520627 20
0.638475 54
1.256287 11
0.068811 233
64.330823 40
1.933818 58
0.065179 8
0.000254 225
1.856874 1
2.984270 4
40.998121 30
1.503216 48
0.061216 233
49.035634 30
1.741373 48
0.097240 183
0.032989 8
0.000204 225
68.336552 21
1.361204 1
0.191775 1
0.171601 1
0.149791 1
0.149963 1
0.287037 1
0.409144 17
0.163010 17
0.163990 15
1.812775 11
0.028107 71
0.005541 233
142.199550 29
0.884977 47
0.028968 1541
0.004342 233
390.055847 100
4.597010 350
0.034232 334
0.046043 347
0.021167 340
0.023902 340
0.019475 340
0.023398 340
0.020589 340
0.022041 340
0.285863 340
0.115291 340
0.022186 340
0.022470 340
0.023215 340
0.163528 340
0.947291 340
0.045368 340
0.023919 340
0.034549 340
0.021911 340
0.068323 340
0.020337 340
0.025629 340
0.069089 340
0.090640 340
0.049905 340
0.020638 340
0.027517 340
0.022139 340
0.024652 331
0.027133 325
0.061483 325
0.424127 325
4.226797 84
0.262058 1
0.504674 1
0.037003 1
0.020439 1
0.034755 1
0.024596 1
0.040153 1
0.028695 1
0.021063 1
0.033688 1
0.030246 1
0.027453 1
0.030089 1
0.028140 1
0.036134 1
0.032517 1
0.022104 1
0.030080 1
0.029437 1
0.033153 1
0.027460 1
0.029430 1
0.031090 1
0.033727 1
0.036446 1
0.023475 1
0.035666 1
0.036925 1
0.024832 1
0.020147 1
0.035985 1
0.022046 1
0.035224 1
0.042754 1
0.026651 1
0.023189 1
0.034338 1
0.017697 1
0.046314 1
0.015138 1
0.039758 1
0.020777 1
0.036505 1
0.024605 1
0.042125 1
0.024713 1
0.034769 1
0.017725 1
0.027573 1
0.031514 1
0.032435 1
0.033914 1
0.034781 1
0.025218 1
0.033433 1
0.038686 1
0.024094 1
0.022749 1
0.024028 1
0.033821 1
0.034078 1
0.033441 1
0.025638 1
0.033559 1
0.042068 1
0.007026 1
0.034689 1
0.035250 1
0.021786 1
0.037061 1
0.023910 1
0.040884 1
0.027498 1
0.166421 1
0.168790 1
0.171459 1
0.160149 1
0.249171 1
1.391271 1
0.452723 1
22.807930 11
0.033821 58
0.005271 233
53.881097 29
2.276933 27
0.606337 4
0.642673 4
0.147114 4
46.508777 4
0.508076 4
0.039680 4
0.011464 4
0.029936 4
0.030308 4
4.003587 79
0.680848 37
0.464999 36
0.200956 13
0.200338 35
0.190730 32
0.193328 45
0.500655 63
1.508020 54
0.264791 45
0.280930 50
0.438062 35
1.199641 35
0.170915 32
0.340028 45
0.527415 63
1.860302 54
0.631601 46
0.638243 43
0.624065 38
0.530694 48
0.556523 39
1.701844 4
0.154378 4
0.143821 4
0.132671 4
0.153017 4
0.230623 4
13.941304 1
0.112256 1
0.156711 1
0.154483 1
1.702827 11
0.060961 233
1.488659 18
1.045015 93
1.157969 11
0.116537 233
13.392309 1
1.202109 1
0.167138 1
0.613781 1
0.289065 1
0.880310 4
0.200571 1
0.951582 1
0.287722 1
0.262253 1
0.591409 4
0.304456 1
0.976097 11
0.009822 77
0.000988 231
0.000014 2
10.508585 1
40.500315 4
0.362146 1
2.679317 237
40.599215 27
8.902009 36
0.101852 233
25.130167 27
4.467868 36
0.016249 127
0.000323 2
0.001061 233
15.257562 27
6.923032 36
0.005864 4
0.000234 125
0.000960 233
46.178861 36
2.023434 45
0.104080 230
0.000019 3
8.422473 1
0.109540 1
0.628976 1
0.903101 1
0.225358 1
0.412042 1
0.264441 1
1.066986 1
8.575371 11
0.006041 58
0.001279 233
51.501583 30
0.906334 29
0.392397 1
0.509371 1
0.041235 1
0.025919 1
0.018558 1
0.033074 1
0.023042 1
0.596151 3
0.523153 3
0.656087 17
0.190186 17
0.188841 15
2.298430 2
0.000113 9
0.110508 8
0.000093 225
10.402489 18
0.378891 32
2.334565 11
0.006801 61
0.001142 8
0.000177 225
340.244220 27
1.830930 36
0.108989 233
9.318848 26
1.460262 35
0.029674 25
12.285236 2
0.011781 211
6.713954 2
0.051258 54
0.004857 233
32.226142 36
21.917310 45
0.027786 100
0.002519 233
127.700547 30
0.000580 230
0.000157 3
96.609155 27
0.394929 39
0.311800 53
0.200087 20
0.198872 42
0.173050 32
0.179166 34
0.150977 29
0.169733 59
0.219318 25
0.186276 20
0.185990 103
0.288693 38
0.213050 96
0.242433 40
0.208815 39
0.307180 13
0.269044 38
0.188931 32
0.163786 48
0.281067 66
0.146370 54
0.160122 49
0.255525 46
0.304823 41
0.187906 51
0.146245 18
0.297296 35
0.522280 52
0.304103 52
2.813533 4
0.166685 4
0.122529 4
0.138063 4
0.148312 4
0.218121 4
0.964844 1
0.227882 1
0.344994 1
0.227790 1
1.349800 1
0.673592 1
0.128763 1
0.155944 1
0.123719 1
0.140423 1
0.135131 1
0.151702 1
0.998698 3
1.391430 17
0.207754 17
0.980930 13
0.208628 13
0.448131 1
0.188570 1
0.178075 1
0.716441 5
0.206217 5
0.746386 5
0.170403 5
11.710304 11
0.044775 233
6.354293 1
1.883291 4
0.179710 1
17.864200 30
0.546147 48
11.002407 11
0.024586 105
0.003787 233
55.826335 1
0.137816 1
0.183116 1
0.239550 1
0.205203 1
7.266543 1
0.979818 1
0.284897 1
0.153845 1
2.749508 1
1.020623 1
1.536253 1
1.023587 1
0.119929 1
0.278287 1
0.725678 1
0.229898 1
0.236493 1
0.232250 1
1.355793 1
0.172873 11
0.040566 38
0.002873 233
7.687054 20
0.649518 44
1.146739 11
0.024524 32
0.003563 228
0.000317 5
37.492577 30
1.832083 39
0.059071 233
6.118077 21
0.680028 44
1.094560 11
0.027097 33
0.005236 233
30.643996 37
14.477705 46
0.059885 233
24.107519 38
8.603745 47
0.064953 8
0.000054 225
3.850606 1
0.190118 1
0.145176 1
1.066433 1
0.605263 1
0.155223 1
0.196028 1
1.633300 1
0.620993 1
0.801027 1
0.439000 1
0.180922 1
1.937462 11
0.013993 61
0.000745 233
157.222370 39
6.642669 39
0.000087 9
0.062448 233
7.229285 37
5.106917 46
0.049537 233
160.061533 75
7.663115 84
0.001100 8
0.000064 225
17.643721 25
1.336019 34
0.030642 40
0.000152 233
245.094095 35
2.912747 44
0.074829 75
0.000852 63
0.000502 60
0.001248 108
0.000300 429
0.000762 387
0.000118 420
0.000296 171
17.635174 34
0.002308 43
1.205373 21
4.681712 6
0.000967 55
1.421315 6
0.000382 12
0.049100 18
1.372313 19
0.168472 19
0.144263 19
0.517033 19
0.013587 19
0.054338 19
0.005686 124
0.031402 19
0.032772 19
0.033165 19
0.026107 19
0.035855 19
0.023839 19
0.039586 19
0.018846 19
0.027290 19
0.033052 19
0.031003 19
0.030913 19
8.277315 32
0.000463 94
0.000140 106
0.000917 1471
0.031892 1700
0.000220 487
0.037159 1709
0.000054 497
0.018625 68
0.000534 1564
0.000016 86
0.000841 496
0.024846 2220
0.023299 1670
0.000073 65
0.000729 498
0.022544 1737
0.000910 549
0.022931 68
0.000542 1635
0.000383 22
0.000259 65
0.000771 549
0.112569 32
0.000107 36
0.000625 1700
0.000460 549
0.019673 68
0.000373 1725
0.000669 549
0.169447 32
0.000247 36
0.000217 1661
0.000219 41
0.000578 549
0.236783 68
0.000482 1679
0.000415 549
0.125952 104
0.019343 147
0.001421 1526
0.045475 104
0.000134 22
0.000386 124
0.000627 1526
0.048609 32
0.000137 36
0.000207 44
0.000312 136
0.000848 1526
0.139640 112
0.000181 14
0.000206 121
0.000816 1475
0.084300 32
0.000290 94
0.000373 120
0.001049 1475
0.137151 32
0.000537 213
0.015851 1450
0.000531 1709
5.568468 45
3.556340 23
35.334195 6
0.000303 327
0.001743 155
9.310022 6
0.000359 46
0.002371 526
6.205671 72
0.008478 8
0.000092 222
17.725996 227
0.032099 227
0.030168 227
0.020579 227
0.023144 227
0.020564 227
0.057481 227
0.070367 229
0.056266 237
0.051187 234
0.000056 3
0.097619 237
0.249021 237
0.068901 237
0.052447 236
0.387028 237
1.083604 237
6.535510 34
1.386435 34
0.000954 9
0.027150 75
0.000431 67
0.000818 108
0.000347 446
10.515825 6
0.000804 39
0.012086 44
2.158630 6
0.000250 13
0.509427 19
0.041645 19
0.024751 19
0.017562 19
0.031944 19
0.028415 124
0.026547 19
0.038416 19
0.026417 19
0.041469 6
0.000726 13
0.024881 19
0.042065 19
0.005480 19
0.038822 19
4.200379 313
0.000018 141
0.709047 50
0.003191 504
5.323847 72
0.011789 228
0.000029 5
5.139520 25
1.123007 11
0.030128 75
0.000640 63
0.000051 60
0.001072 537
0.000486 121
6.357902 800
0.049154 32
0.000015 36
0.000231 670
0.000095 86
0.000617 496
0.027706 1296
0.025557 32
0.000289 740
0.000089 61
0.000310 485
0.021531 1330
0.054981 68
0.000660 718
0.000329 535
0.029487 1343
0.087988 1323
0.162375 1396
0.128974 819
0.000230 63
0.000284 547
3.055691 32
0.001014 36
0.000541 760
0.000033 14
0.000150 89
0.000355 684
0.000379 36
0.000182 255
0.000139 14
0.000259 74
0.000241 575
40.083821 6
0.022813 57
0.000215 8
0.009468 230
5.447944 52
1.058826 1
0.511401 1
0.031098 1
0.018230 1
0.031784 1
0.032984 1
0.026621 1
0.029147 1
0.036309 1
0.035424 1
0.023863 1
0.037198 1
0.037919 1
0.008587 1
0.032605 1
0.029011 1
0.033644 1
0.033696 357
0.031820 1
0.035163 1
0.027640 1
0.039870 1
0.005836 1
0.032717 1
0.028112 1
0.029103 1
0.038594 1
0.033977 1
0.022496 1
0.042734 1
0.021080 1
0.022381 1
0.537193 1
0.707301 1
0.175171 1
0.169497 1
0.194976 1
0.248899 1
0.505939 1
0.033131 1
0.030324 1
0.158445 1
0.209538 1
0.720267 1
0.195913 1
0.545036 3
0.281570 293
0.166466 290
0.114251 287
0.943367 284
0.299971 281
0.191611 276
0.150349 1
0.145393 1
1.090319 3
0.515063 3
0.021169 3
0.037741 3
0.037630 3
0.014664 3
0.035078 3
0.022708 3
0.033597 3
0.031715 3
0.021303 3
0.032490 3
0.031768 3
0.038710 3
0.017223 3
0.029731 3
0.034492 3
0.025986 3
0.035838 3
0.030681 3
0.037203 3
0.038153 3
0.021310 3
0.015803 3
0.032229 3
0.031058 3
0.033264 3
0.034938 3
0.023035 3
0.044047 3
0.014296 3
0.037824 3
0.022185 3
0.027251 3
0.033460 3
0.027958 3
0.039595 3
0.019983 3
0.037765 3
0.022558 3
0.029436 3
0.032969 3
0.029237 3
0.490861 3
0.497578 4
17.934842 11
0.041960 10
0.003416 230
30.475397 115
7.516809 308
1.587729 1
3.997170 1
0.381363 1
0.516002 1
0.028842 1
0.025370 1
0.024268 1
0.028794 1
0.037313 1
0.034241 1
0.025219 1
0.024288 1
0.041631 1
0.025361 1
0.039109 1
0.026114 1
0.019791 1
0.033198 1
0.021127 1
0.036752 1
0.025374 1
0.037545 1
0.025836 1
0.045818 1
0.025751 1
0.017845 1
0.034314 1
0.024048 1
0.035016 1
0.023681 1
0.034135 1
0.034149 30
0.040663 1
0.025707 1
0.017535 1
0.034029 1
0.023974 1
0.035882 1
0.026113 1
0.480712 3
0.227338 3
0.173361 3
0.151577 3
0.170609 3
0.191020 3
0.189571 3
0.666947 3
0.243746 3
0.221347 3
0.199906 3
0.281899 3
0.140906 3
0.149427 3
0.143268 3
0.129000 3
0.340808 756
0.453046 3
0.178386 3
0.436183 3
0.146551 3
0.132533 3
0.140384 3
3.974170 3
0.363280 3
0.501877 3
0.034897 3
0.951878 3
0.508231 3
0.027243 3
0.031656 3
0.037624 3
0.026657 3
0.031206 3
0.021461 3
0.030506 3
0.029598 3
0.034532 3
0.023824 3
0.030939 3
0.026645 3
0.041777 3
0.024411 3
0.031393 3
0.673366 3
0.359663 3
0.297496 3
0.248336 3
0.170955 3
0.140300 3
0.163327 1
0.387928 1
3.627250 1
0.521504 2
0.000130 1
0.777687 554
2.735312 11
0.026858 230
15.142236 32
0.655952 75
0.552611 257
0.000441 337
0.206921 9
0.216714 45
0.596291 82
0.187474 260
0.000059 346
0.194284 28
0.296567 47
0.273529 60
0.293244 51
0.263580 45
0.175447 42
0.162968 38
0.156230 41
0.155267 37
0.155435 47
0.146101 51
0.157502 39
0.141507 43
0.156529 31
0.150246 43
0.141605 43
0.647750 35
0.342718 49
0.161539 50
0.390271 36
0.312390 31
0.190775 87
0.154715 577
0.165501 87
0.275238 263
0.000144 322
0.169411 32
0.162542 13
0.179539 32
0.249418 32
0.299529 52
0.150179 54
0.148490 54
0.149693 53
0.212299 47
0.143465 43
0.152254 46
0.162630 557
0.140160 36
0.142848 53
0.581644 52
0.242164 43
0.273565 20
2.505685 4
0.140341 4
0.143365 4
0.135223 4
0.134376 4
0.257964 4
3.050384 1
0.172259 1
0.921973 1
0.236272 1
0.290639 1
0.173179 1
0.232269 1
3.360983 2
0.000115 9
0.011471 14
118.017513 2
1.883470 2
0.650622 61
0.002099 232
0.000020 9
0.000582 230
0.256308 1
4.152603 12
42.862008 11
0.011067 14
5.520075 2
3.092571 61
0.001581 8
0.000156 222
74.456789 227
0.000484 227
5.512071 227
0.034541 227
0.029183 227
0.021853 227
0.021405 227
0.020589 227
0.021187 229
0.021866 237
0.024996 237
0.052058 237
0.070816 237
2.648341 237
2.103548 237
50.852919 1
1.722957 1
26.306062 2
0.000812 49
0.664586 4
0.253870 1
0.501094 1
0.044160 1
0.025858 1
0.021558 1
0.036491 1
0.031825 1
0.018820 1
0.032398 1
0.042907 1
0.030032 1
0.018312 1
0.027986 1
0.032471 1
0.034121 1
0.033871 1
0.023718 1
0.027171 1
0.039884 1
0.033783 1
0.026024 1
0.018921 1
0.031501 1
0.035367 1
0.025313 1
0.033884 1
0.032215 1
0.040497 1
0.023542 1
0.021376 1
0.043347 1
0.014995 1
0.027596 1
0.039471 1
0.024977 1
0.042257 1
0.021242 1
0.042010 1
0.021695 1
0.018333 1
0.031108 1
0.036257 1
0.464432 5
0.191595 5
0.173606 5
0.132505 5
0.127525 5
0.128855 6
0.133298 1
2.257733 2
0.000674 9
0.040938 228
0.000022 5
31.344540 42
0.502279 26
0.028276 43
0.034093 91
0.028247 37
1.006829 50
0.563298 80
0.729163 28
1.082706 11
0.010218 14
0.949024 2
3.296376 61
0.001789 233
39.922694 34
0.903335 43
0.029825 233
53.149813 119
1.113573 128
0.024704 85
0.003460 233
284.428729 110
1.283853 35
1.486681 28
1.055740 11
0.010980 14
3.863758 2
3.094348 61
0.001267 8
0.000294 225
51.291686 12
0.347456 117
0.438096 35
0.469588 28
0.211051 53
0.585300 26
0.140049 43
0.352866 91
0.179404 37
0.611532 9
0.326086 30
0.376628 98
0.640977 40
1.457623 28
0.382985 24
0.485517 55
0.833142 49
0.617578 52
0.358226 42
0.308664 44
0.333458 41
0.313009 44
0.344740 47
0.449444 48
0.584483 39
0.602051 44
1.894333 1
0.507126 1
0.025408 1
0.035583 1
0.040120 1
0.024994 1
0.017855 1
0.033865 1
0.024500 1
0.032409 1
0.237796 1
0.211673 1
0.620979 1
0.907401 3
0.614184 25
0.188449 25
0.574555 29
0.135214 29
0.152655 29
0.128548 29
0.137743 29
0.148560 29
0.238313 29
1.021267 25
0.133730 25
0.936531 25
0.180677 25
0.311502 25
0.173091 25
0.310612 25
0.756978 11
0.030542 102
0.004761 8
0.000090 225
6.258337 29
0.990979 4
0.509944 4
0.040594 4
0.025002 4
0.015447 4
0.036222 4
0.024888 4
0.033192 4
0.025924 4
0.038992 4
0.025437 4
0.036055 4
0.041240 4
0.025874 4
0.018404 4
0.032772 4
0.024089 4
0.034388 4
0.024302 4
0.033944 4
0.040375 4
0.024393 4
0.020988 4
0.033584 4
0.025529 4
0.031672 4
0.034607 4
0.023907 4
0.034297 4
0.042317 1
0.011967 1
0.037727 1
0.032677 1
0.033433 1
0.018014 1
0.031433 1
0.034750 1
0.027156 1
0.024899 1
0.032083 1
0.031345 1
0.034976 1
0.026990 1
0.184030 12
0.214751 117
0.507110 22
2.309832 11
0.010121 14
4.099236 2
0.162435 118
14.220256 1
0.238441 1
0.186715 1
0.401426 1
0.809285 4
0.139987 1
0.555129 11
0.009737 12
0.007653 233
349.972661 4
1.082969 4
0.151056 4
0.141999 5
0.142545 1
0.147673 1
0.358695 12
1.169354 10
2.953227 45
0.572620 54
0.034987 75
0.000636 63
0.000398 59
0.001372 108
0.000562 429
0.001393 1103
7.553375 22
0.089557 6
0.000132 16
0.148724 23
0.764786 23
0.052128 23
0.032558 23
0.043179 171
0.060088 6
0.000571 231
0.668804 372
0.056635 6
0.000383 318
0.055769 34
0.000023 162
0.000185 111
0.086247 6
0.000300 46
0.000337 155
13.242738 6
0.001951 439
11.407537 34
0.885318 34
0.160070 34
3.408732 6
0.000159 28
1.210219 34
0.180909 34
0.289935 34
0.707378 7
0.000114 11
0.000145 18
0.354007 34
0.963836 34
0.178002 6
0.000720 476
0.000071 1280
1.505497 44
2.692815 6
0.000232 20
0.042437 26
0.028064 23
0.056902 23
0.667005 131
0.048816 164
0.112629 6
0.000299 32
0.000043 392
0.226685 6
0.000383 47
0.000430 262
0.616619 18
0.000076 122
0.002586 171
0.058635 6
0.000204 235
0.001979 47
0.644847 50
0.030805 18
0.039029 18
0.559501 18
0.027612 18
0.029035 18
0.042619 18
12.517295 6
0.002127 12
2.885458 6
0.002013 28
0.000715 58
14.245889 6
0.000200 307
0.000104 141
1.793586 6
0.007490 50
0.002117 504
3.125767 6
0.001923 66
0.005707 228
0.000081 5
24.953763 36
0.526135 26
0.005838 40
0.032109 28
0.033923 117
0.026829 35
0.025298 28
0.031442 53
0.031196 26
0.945800 53
2.669602 4
0.408696 4
0.182076 4
0.499882 4
0.034736 4
0.041327 4
0.023385 4
0.047893 4
0.002561 4
0.035801 4
0.038863 4
0.021439 4
0.036630 4
0.038320 4
0.016872 4
0.026948 4
0.051198 4
0.005426 4
0.034003 4
0.024881 4
0.035551 4
0.039981 4
0.024863 4
0.036097 4
0.024117 4
0.026306 4
0.022745 4
0.031374 4
0.034289 4
0.024666 4
0.038784 4
0.025744 4
0.030042 4
0.026466 4
0.031218 4
0.032536 4
0.027601 4
0.033791 4
0.026603 4
0.029223 4
0.028203 4
0.032869 4
0.033657 1
0.025033 1
0.041190 1
0.016649 1
0.035076 1
0.034055 1
0.034806 1
0.015780 1
0.038345 1
0.027674 1
0.026371 1
0.041346 1
0.020388 1
3.844603 1
0.200802 1
0.461539 1
0.162045 1
0.173536 1
2.458387 1
0.156893 1
1.771181 1
0.138935 1
0.526504 1
0.262388 1
0.220803 1
1.664728 1
0.160186 1
0.522772 1
0.128658 1
0.895871 1
0.550469 1
0.142172 1
2.526260 2
0.000200 9
0.028405 25
11.253533 2
0.000630 190
9.562707 2
0.056784 54
0.005677 233
2.185220 19
1.185360 11
0.027600 25
25.464087 2
0.000783 190
10.625361 2
0.054933 54
0.005547 8
0.000105 225
1.874441 19
0.717089 11
0.030834 25
8.804592 2
0.000554 190
7.291272 2
0.054808 54
0.005252 233
1.574912 19
0.944317 11
0.027310 25
10.190658 2
0.000168 169
3.796089 2
0.055986 54
0.005622 233
1.588358 19
0.681505 11
0.028368 25
4.610053 2
0.000534 211
6.603679 2
0.057545 54
0.005899 233
2.228562 1
0.263152 1
0.233024 1
0.220496 1
0.544895 1
0.257420 1
0.410599 1
0.298472 1
0.445407 1
0.228129 1
0.290659 1
0.247820 1
1.338121 4
0.505973 4
0.034896 4
0.033452 4
0.032757 4
0.015369 4
0.033562 4
0.034273 4
0.021718 4
0.031040 4
0.032860 4
0.025652 4
0.041562 1
0.016566 1
0.040159 1
0.020264 1
0.029756 1
0.033588 1
0.033892 1
0.044482 1
0.022080 1
0.034265 1
0.015045 1
0.032394 1
0.042280 1
0.288884 19
1.386443 11
0.030668 25
4.674968 2
0.019857 55
5.353635 2
0.056408 54
0.009212 230
0.000018 3
10.656878 1
0.343245 1
1.051040 19
0.376873 53
25.237531 4
0.459067 4
0.754169 4
0.504599 4
0.030860 4
0.186161 4
0.510870 4
0.020197 4
0.033310 4
0.047167 4
0.017533 4
0.023227 4
0.034190 4
0.035767 4
0.024507 4
0.036846 4
0.024794 4
0.024502 4
0.050526 4
0.016889 4
0.022893 4
0.034890 4
0.024701 4
0.033630 4
0.040487 4
0.024811 4
0.020085 4
0.034662 4
0.032757 4
0.024435 4
0.033973 4
0.033743 4
0.025866 4
0.032925 4
0.040470 4
0.023897 4
0.020755 1
0.037245 1
0.020345 1
0.035620 1
0.508964 12
1.307328 40
0.639044 28
0.170048 10
0.541818 12
0.979103 10
0.432454 12
0.200665 40
0.422212 28
0.621742 117
1.018028 22
0.205401 40
1.749830 4
0.509969 4
0.022196 4
0.030752 4
0.031616 4
0.036708 4
0.019872 4
0.033497 4
0.033766 4
0.029612 4
0.027999 4
0.040898 4
0.020369 4
0.026398 4
0.033865 4
0.024260 4
0.028801 4
0.037803 4
0.030928 4
0.020696 4
0.041278 4
0.039255 4
0.024803 4
0.020806 4
0.025959 4
0.041127 4
0.034608 4
0.014983 4
0.035780 4
0.028182 1
0.245661 1
0.001030 1
0.031685 1
0.788193 1
0.129678 1
0.295423 1
0.176066 1
0.168320 1
0.988938 1
0.102693 1
0.187221 1
0.142505 1
1.322719 1
0.325691 1
0.129972 1
1.187409 1
0.166207 1
0.244776 1
0.225102 1
0.422479 1
0.157374 1
0.254469 1
0.466390 2
0.000093 9
0.026705 25
3.719774 2
0.000341 169
5.571687 89
6.649342 171
3.059321 2
0.056154 54
0.006510 8
0.001625 225
140.530330 15
0.581890 24
0.013578 59
0.000650 233
6.194503 1
1.458841 4
0.175004 1
0.362851 1
29.842920 35
11.658245 44
0.011970 227
0.000512 40
0.000847 233
84.612036 2
0.000519 50
0.000035 1
0.975100 4
0.253975 1
0.501363 1
0.030520 1
0.028946 1
0.034890 1
0.042544 1
0.016623 1
0.030878 1
0.034140 1
0.031171 1
0.026842 1
0.031539 1
0.030359 1
0.032704 1
0.032882 1
0.015950 1
0.034071 1
0.043868 1
0.022362 1
0.021860 1
0.042721 1
0.021022 1
0.031754 1
0.023312 1
0.039422 1
0.019261 1
0.036083 1
0.024292 1
0.040509 1
0.031189 1
0.032138 1
0.032070 1
0.019865 1
0.026066 1
0.039243 1
0.036277 1
0.016666 1
0.031744 1
0.042364 1
0.021678 1
0.021215 1
0.042931 1
0.015741 1
0.032386 1
0.419117 5
0.154286 5
0.138187 5
0.133809 5
0.130817 5
0.127564 6
0.132834 1
0.128941 1
0.415200 11
0.026090 4095
0.000341 4095
0.000300 4095
0.000088 695
0.000330 2048
0.001828 4095
0.001134 4095
0.000055 1119
0.002609 233
4.806596 234
0.001919 227
38.605170 74
1.006913 284
0.039532 240
0.005027 230
48.060358 72
1.610762 282
0.028891 238
0.003685 8
0.000454 222
30.042870 1
0.256414 1
0.156519 1
0.195818 1
2.790140 11
0.000442 6
